#DataThief /Users/mastbaum/sbn/analysis/nue.png Wednesday 29-Mar-2017 2:48:36 PM
1.107e-3, 98.869
1.107e-3, 98.132
1.115e-3, 97.4
1.115e-3, 96.675
1.122e-3, 95.954
1.122e-3, 95.238
1.122e-3, 94.53
1.122e-3, 93.826
1.122e-3, 93.127
1.122e-3, 92.433
1.122e-3, 91.745
1.122e-3, 91.061
1.115e-3, 90.384
1.107e-3, 89.712
1.107e-3, 89.044
1.107e-3, 88.381
1.107e-3, 87.722
1.107e-3, 87.069
1.107e-3, 86.42
1.107e-3, 85.777
1.107e-3, 85.138
1.107e-3, 84.504
1.107e-3, 83.874
1.107e-3, 83.25
1.107e-3, 82.63
1.115e-3, 82.013
1.115e-3, 81.403
1.122e-3, 80.795
1.122e-3, 80.194
1.13e-3, 79.595
1.13e-3, 79.003
1.138e-3, 79.002
1.138e-3, 78.413
1.145e-3, 77.827
1.145e-3, 77.249
1.145e-3, 76.673
1.145e-3, 76.102
1.145e-3, 75.536
1.145e-3, 74.972
1.145e-3, 74.415
1.145e-3, 73.859
1.145e-3, 73.31
1.145e-3, 72.764
1.145e-3, 72.222
1.145e-3, 71.684
1.145e-3, 71.15
1.145e-3, 70.62
1.145e-3, 70.094
1.145e-3, 69.572
1.145e-3, 69.054
1.137e-3, 68.541
1.137e-3, 68.03
1.13e-3, 67.524
1.122e-3, 67.525
1.122e-3, 67.022
1.122e-3, 66.523
1.114e-3, 66.524
1.107e-3, 66.029
1.099e-3, 66.03
1.092e-3, 65.538
1.092e-3, 65.05
1.085e-3, 65.051
1.077e-3, 64.567
1.07e-3, 64.087
1.07e-3, 63.609
1.07e-3, 63.136
1.07e-3, 62.666
1.07e-3, 62.199
1.063e-3, 62.2
1.055e-3, 61.737
1.048e-3, 61.278
1.048e-3, 60.822
1.048e-3, 60.369
1.048e-3, 59.919
1.041e-3, 59.92
1.034e-3, 59.92
1.027e-3, 59.921
1.02e-3, 59.475
1.013e-3, 59.033
1.013e-3, 58.593
1.013e-3, 58.157
1.013e-3, 57.724
1.006e-3, 57.294
9.996e-4, 56.867
9.928e-4, 56.445
9.928e-4, 56.025
9.928e-4, 55.608
9.928e-4, 55.194
9.861e-4, 55.194
9.794e-4, 54.784
9.794e-4, 54.376
9.794e-4, 53.971
9.794e-4, 53.569
9.794e-4, 53.17
9.794e-4, 52.774
9.794e-4, 52.381
9.794e-4, 51.99
9.794e-4, 51.603
9.793e-4, 51.219
9.727e-4, 51.219
9.727e-4, 50.838
9.727e-4, 50.459
9.727e-4, 50.084
9.661e-4, 49.71
9.661e-4, 49.341
9.596e-4, 48.974
9.596e-4, 48.609
9.595e-4, 48.246
9.595e-4, 47.888
9.595e-4, 47.531
9.595e-4, 47.177
9.595e-4, 46.826
9.595e-4, 46.476
9.595e-4, 46.131
9.595e-4, 45.787
9.595e-4, 45.446
9.595e-4, 45.108
9.595e-4, 44.772
9.595e-4, 44.438
9.595e-4, 44.107
9.595e-4, 43.779
9.595e-4, 43.453
9.595e-4, 43.129
9.595e-4, 42.808
9.66e-4, 42.488
9.726e-4, 42.172
9.726e-4, 41.857
9.726e-4, 41.546
9.726e-4, 41.236
9.726e-4, 40.929
9.792e-4, 40.929
9.859e-4, 40.623
9.926e-4, 40.32
9.993e-4, 40.02
1.006e-3, 39.721
1.006e-3, 39.425
1.006e-3, 39.132
1.006e-3, 38.839
1.013e-3, 38.55
1.02e-3, 38.55
1.027e-3, 38.263
1.027e-3, 37.978
1.034e-3, 37.976
1.041e-3, 37.976
1.048e-3, 37.976
1.055e-3, 37.693
1.062e-3, 37.693
1.07e-3, 37.692
1.07e-3, 37.411
1.077e-3, 37.132
1.084e-3, 36.855
1.092e-3, 36.855
1.092e-3, 36.581
1.099e-3, 36.308
1.106e-3, 36.037
1.114e-3, 36.036
1.122e-3, 35.768
1.129e-3, 35.767
1.137e-3, 35.5
1.145e-3, 35.5
1.145e-3, 35.236
1.152e-3, 35.234
1.16e-3, 35.234
1.168e-3, 35.234
1.176e-3, 34.972
1.184e-3, 34.971
1.184e-3, 34.71
1.192e-3, 34.71
1.2e-3, 34.452
1.209e-3, 34.451
1.217e-3, 34.451
1.225e-3, 34.194
1.233e-3, 33.939
1.242e-3, 33.686
1.25e-3, 33.434
1.259e-3, 33.434
1.259e-3, 33.185
1.267e-3, 32.937
1.276e-3, 32.692
1.285e-3, 32.69
1.285e-3, 32.448
1.293e-3, 32.206
1.302e-3, 31.966
1.311e-3, 31.964
1.32e-3, 31.726
1.329e-3, 31.726
1.338e-3, 31.49
1.347e-3, 31.49
1.356e-3, 31.255
1.356e-3, 31.022
1.366e-3, 30.79
1.375e-3, 30.79
1.375e-3, 30.561
1.375e-3, 30.333
1.375e-3, 30.107
1.375e-3, 29.883
1.375e-3, 29.66
1.375e-3, 29.44
1.375e-3, 29.22
1.375e-3, 29.003
1.375e-3, 28.787
1.375e-3, 28.572
1.375e-3, 28.359
1.384e-3, 28.359
1.375e-3, 28.359
1.365e-3, 28.149
1.356e-3, 28.149
1.356e-3, 27.939
1.347e-3, 27.73
1.338e-3, 27.732
1.338e-3, 27.525
1.329e-3, 27.525
1.32e-3, 27.526
1.32e-3, 27.321
1.311e-3, 27.321
1.302e-3, 27.117
1.302e-3, 26.916
1.293e-3, 26.916
1.284e-3, 26.716
1.276e-3, 26.517
1.267e-3, 26.518
1.259e-3, 26.518
1.25e-3, 26.518
1.25e-3, 26.321
1.242e-3, 26.125
1.233e-3, 26.125
1.225e-3, 26.126
1.217e-3, 26.126
1.208e-3, 26.126
1.208e-3, 25.932
1.2e-3, 25.738
1.192e-3, 25.547
1.184e-3, 25.548
1.176e-3, 25.548
1.168e-3, 25.548
1.16e-3, 25.358
1.152e-3, 25.169
1.144e-3, 24.982
1.137e-3, 24.983
1.129e-3, 24.983
1.121e-3, 24.983
1.121e-3, 24.797
1.114e-3, 24.613
1.106e-3, 24.613
1.099e-3, 24.613
1.091e-3, 24.613
1.084e-3, 24.613
1.084e-3, 24.43
1.076e-3, 24.249
1.069e-3, 24.068
1.062e-3, 24.069
1.055e-3, 24.069
1.048e-3, 24.069
1.041e-3, 24.069
1.033e-3, 24.07
1.026e-3, 24.07
1.02e-3, 24.07
1.013e-3, 24.07
1.006e-3, 24.071
1.006e-3, 23.891
9.989e-4, 23.714
9.922e-4, 23.537
9.855e-4, 23.538
9.788e-4, 23.538
9.722e-4, 23.538
9.656e-4, 23.538
9.59e-4, 23.363
9.525e-4, 23.363
9.525e-4, 23.19
9.461e-4, 23.19
9.397e-4, 23.19
9.397e-4, 23.017
9.333e-4, 23.018
9.27e-4, 23.018
9.207e-4, 22.847
9.145e-4, 22.677
9.083e-4, 22.677
9.021e-4, 22.677
9.021e-4, 22.508
8.96e-4, 22.341
8.9e-4, 22.175
8.839e-4, 22.175
8.78e-4, 22.175
8.72e-4, 22.176
8.661e-4, 22.176
8.602e-4, 22.011
8.544e-4, 21.847
8.486e-4, 21.847
8.429e-4, 21.847
8.372e-4, 21.847
8.315e-4, 21.847
8.259e-4, 21.847
8.203e-4, 21.849
8.147e-4, 21.849
8.092e-4, 21.686
8.037e-4, 21.687
7.983e-4, 21.525
7.929e-4, 21.365
7.875e-4, 21.366
7.822e-4, 21.366
7.822e-4, 21.207
7.769e-4, 21.207
7.716e-4, 21.207
7.716e-4, 21.049
7.664e-4, 20.893
7.664e-4, 20.737
7.612e-4, 20.583
7.56e-4, 20.583
7.509e-4, 20.583
7.458e-4, 20.583
7.408e-4, 20.584
7.408e-4, 20.43
7.358e-4, 20.278
7.308e-4, 20.128
7.258e-4, 20.128
7.258e-4, 19.978
7.209e-4, 19.829
7.16e-4, 19.682
7.112e-4, 19.682
7.064e-4, 19.682
7.016e-4, 19.683
6.968e-4, 19.536
6.921e-4, 19.391
6.874e-4, 19.246
6.828e-4, 19.104
6.782e-4, 18.96
6.736e-4, 18.962
6.69e-4, 18.962
6.645e-4, 18.962
6.645e-4, 18.821
6.6e-4, 18.681
6.555e-4, 18.542
6.511e-4, 18.542
6.511e-4, 18.404
6.466e-4, 18.267
6.423e-4, 18.267
6.423e-4, 18.131
6.379e-4, 17.996
6.336e-4, 17.863
6.293e-4, 17.863
6.293e-4, 17.73
6.25e-4, 17.597
6.208e-4, 17.467
6.166e-4, 17.467
6.166e-4, 17.337
6.124e-4, 17.208
6.083e-4, 17.08
6.042e-4, 17.08
6.001e-4, 17.081
5.96e-4, 17.081
5.92e-4, 16.954
5.88e-4, 16.827
5.84e-4, 16.702
5.8e-4, 16.577
5.761e-4, 16.455
5.722e-4, 16.455
5.683e-4, 16.455
5.645e-4, 16.456
5.645e-4, 16.333
5.606e-4, 16.212
5.568e-4, 16.212
5.568e-4, 16.091
5.568e-4, 15.971
5.568e-4, 15.851
5.531e-4, 15.734
5.493e-4, 15.617
5.456e-4, 15.501
5.419e-4, 15.386
5.382e-4, 15.271
5.382e-4, 15.158
5.382e-4, 15.045
5.382e-4, 14.933
5.382e-4, 14.821
5.346e-4, 14.822
5.309e-4, 14.71
5.273e-4, 14.601
5.273e-4, 14.492
5.273e-4, 14.385
5.273e-4, 14.278
5.273e-4, 14.172
5.238e-4, 14.066
5.202e-4, 13.962
5.202e-4, 13.858
5.202e-4, 13.755
5.202e-4, 13.652
5.202e-4, 13.55
5.202e-4, 13.45
5.202e-4, 13.349
5.202e-4, 13.25
5.202e-4, 13.151
5.167e-4, 13.151
5.167e-4, 13.053
5.202e-4, 12.956
5.202e-4, 12.859
5.237e-4, 12.859
5.237e-4, 12.764
5.273e-4, 12.668
5.309e-4, 12.668
5.345e-4, 12.573
5.345e-4, 12.48
5.345e-4, 12.387
5.345e-4, 12.295
5.345e-4, 12.203
5.381e-4, 12.203
5.418e-4, 12.112
5.455e-4, 12.022
5.455e-4, 11.932
5.455e-4, 11.843
5.455e-4, 11.755
5.455e-4, 11.668
5.492e-4, 11.668
5.529e-4, 11.581
5.567e-4, 11.494
5.567e-4, 11.409
5.567e-4, 11.324
5.567e-4, 11.238
5.605e-4, 11.238
5.643e-4, 11.155
5.643e-4, 11.072
5.681e-4, 10.99
5.72e-4, 10.99
5.759e-4, 10.908
5.759e-4, 10.826
5.798e-4, 10.746
5.838e-4, 10.665
5.878e-4, 10.665
5.918e-4, 10.665
5.958e-4, 10.665
5.999e-4, 10.665
5.998e-4, 10.585
5.998e-4, 10.507
5.998e-4, 10.428
5.998e-4, 10.351
6.039e-4, 10.351
6.039e-4, 10.274
6.08e-4, 10.197
6.122e-4, 10.197
6.163e-4, 10.121
6.205e-4, 10.121
6.205e-4, 10.045
6.205e-4, 9.97
6.205e-4, 9.896
6.205e-4, 9.822
6.205e-4, 9.749
6.248e-4, 9.749
6.29e-4, 9.676
6.29e-4, 9.604
6.29e-4, 9.533
6.29e-4, 9.462
6.29e-4, 9.391
6.333e-4, 9.391
6.376e-4, 9.321
6.419e-4, 9.252
6.419e-4, 9.183
6.419e-4, 9.114
6.419e-4, 9.047
6.463e-4, 8.979
6.507e-4, 8.912
6.507e-4, 8.846
6.507e-4, 8.78
6.507e-4, 8.714
6.551e-4, 8.649
6.596e-4, 8.585
6.596e-4, 8.521
6.641e-4, 8.521
6.641e-4, 8.457
6.686e-4, 8.394
6.732e-4, 8.394
6.732e-4, 8.332
6.731e-4, 8.27
6.777e-4, 8.208
6.823e-4, 8.147
6.87e-4, 8.086
6.87e-4, 8.026
6.917e-4, 8.026
6.964e-4, 7.966
7.011e-4, 7.906
7.011e-4, 7.847
7.059e-4, 7.847
7.107e-4, 7.789
7.155e-4, 7.73
7.204e-4, 7.673
7.253e-4, 7.616
7.253e-4, 7.559
7.303e-4, 7.559
7.352e-4, 7.503
7.402e-4, 7.503
7.453e-4, 7.503
7.453e-4, 7.447
7.504e-4, 7.391
7.555e-4, 7.336
7.606e-4, 7.281
7.606e-4, 7.227
7.658e-4, 7.227
7.71e-4, 7.227
7.71e-4, 7.173
7.763e-4, 7.12
7.815e-4, 7.066
7.869e-4, 7.066
7.869e-4, 7.014
7.922e-4, 6.96
7.976e-4, 6.909
8.031e-4, 6.858
8.085e-4, 6.807
8.14e-4, 6.807
8.14e-4, 6.756
8.14e-4, 6.706
8.196e-4, 6.656
8.252e-4, 6.605
8.251e-4, 6.557
8.308e-4, 6.557
8.364e-4, 6.508
8.421e-4, 6.459
8.479e-4, 6.459
8.536e-4, 6.459
8.595e-4, 6.459
8.653e-4, 6.411
8.712e-4, 6.411
8.771e-4, 6.363
8.771e-4, 6.316
8.831e-4, 6.269
8.891e-4, 6.268
8.952e-4, 6.222
9.013e-4, 6.175
9.074e-4, 6.129
9.074e-4, 6.084
9.136e-4, 6.038
9.198e-4, 6.038
9.261e-4, 5.992
9.261e-4, 5.948
9.261e-4, 5.904
9.261e-4, 5.859
9.261e-4, 5.817
9.324e-4, 5.773
9.387e-4, 5.73
9.387e-4, 5.687
9.387e-4, 5.645
9.387e-4, 5.603
9.387e-4, 5.561
9.387e-4, 5.52
9.387e-4, 5.479
9.387e-4, 5.438
9.387e-4, 5.397
9.387e-4, 5.357
9.387e-4, 5.317
9.387e-4, 5.278
9.387e-4, 5.238
9.387e-4, 5.199
9.386e-4, 5.161
9.386e-4, 5.121
9.386e-4, 5.084
9.386e-4, 5.046
9.386e-4, 5.009
9.386e-4, 4.971
9.386e-4, 4.934
9.386e-4, 4.898
9.323e-4, 4.861
9.322e-4, 4.825
9.259e-4, 4.789
9.197e-4, 4.789
9.197e-4, 4.753
9.197e-4, 4.718
9.196e-4, 4.683
9.134e-4, 4.648
9.134e-4, 4.613
9.072e-4, 4.579
9.011e-4, 4.579
8.95e-4, 4.545
8.889e-4, 4.511
8.829e-4, 4.478
8.769e-4, 4.444
8.769e-4, 4.411
8.71e-4, 4.411
8.651e-4, 4.379
8.592e-4, 4.346
8.592e-4, 4.314
8.534e-4, 4.314
8.476e-4, 4.282
8.419e-4, 4.25
8.362e-4, 4.218
8.305e-4, 4.187
8.305e-4, 4.156
8.249e-4, 4.156
8.193e-4, 4.156
8.137e-4, 4.156
8.082e-4, 4.156
8.028e-4, 4.125
7.973e-4, 4.094
7.919e-4, 4.064
7.866e-4, 4.034
7.812e-4, 4.004
7.759e-4, 4.004
7.707e-4, 4.004
7.655e-4, 4.004
7.655e-4, 3.974
7.603e-4, 3.944
7.551e-4, 3.944
7.5e-4, 3.944
7.449e-4, 3.944
7.399e-4, 3.944
7.399e-4, 3.915
7.349e-4, 3.886
7.299e-4, 3.857
7.25e-4, 3.857
7.25e-4, 3.827
7.2e-4, 3.8
7.152e-4, 3.772
7.103e-4, 3.744
7.055e-4, 3.716
7.007e-4, 3.716
7.007e-4, 3.688
6.96e-4, 3.661
6.913e-4, 3.634
6.866e-4, 3.634
6.819e-4, 3.634
6.773e-4, 3.634
6.727e-4, 3.607
6.682e-4, 3.58
6.637e-4, 3.553
6.592e-4, 3.527
6.547e-4, 3.5
6.503e-4, 3.474
6.458e-4, 3.449
6.415e-4, 3.423
6.371e-4, 3.398
6.328e-4, 3.371
6.285e-4, 3.347
6.243e-4, 3.347
6.2e-4, 3.347
6.158e-4, 3.347
6.158e-4, 3.322
6.117e-4, 3.298
6.075e-4, 3.298
6.075e-4, 3.273
6.034e-4, 3.249
5.993e-4, 3.225
5.953e-4, 3.225
5.953e-4, 3.201
5.912e-4, 3.177
5.872e-4, 3.153
5.832e-4, 3.153
5.793e-4, 3.153
5.754e-4, 3.153
5.715e-4, 3.13
5.676e-4, 3.107
5.638e-4, 3.083
5.599e-4, 3.061
5.562e-4, 3.038
5.524e-4, 3.015
5.486e-4, 2.992
5.449e-4, 2.971
5.412e-4, 2.948
5.376e-4, 2.926
5.339e-4, 2.905
5.303e-4, 2.883
5.267e-4, 2.862
5.267e-4, 2.839
5.267e-4, 2.819
5.267e-4, 2.798
5.231e-4, 2.777
5.196e-4, 2.757
5.196e-4, 2.736
5.161e-4, 2.736
5.126e-4, 2.716
5.091e-4, 2.696
5.091e-4, 2.676
5.091e-4, 2.656
5.091e-4, 2.636
5.056e-4, 2.616
5.022e-4, 2.597
4.988e-4, 2.577
4.954e-4, 2.558
4.921e-4, 2.539
4.921e-4, 2.52
4.921e-4, 2.502
4.921e-4, 2.483
4.887e-4, 2.483
4.854e-4, 2.465
4.821e-4, 2.446
4.821e-4, 2.428
4.821e-4, 2.41
4.821e-4, 2.392
4.821e-4, 2.374
4.821e-4, 2.357
4.821e-4, 2.339
4.789e-4, 2.322
4.756e-4, 2.304
4.724e-4, 2.287
4.724e-4, 2.27
4.724e-4, 2.253
4.724e-4, 2.236
4.724e-4, 2.22
4.724e-4, 2.203
4.724e-4, 2.187
4.724e-4, 2.171
4.724e-4, 2.154
4.724e-4, 2.138
4.724e-4, 2.121
4.724e-4, 2.107
4.724e-4, 2.091
4.724e-4, 2.075
4.724e-4, 2.06
4.724e-4, 2.045
4.724e-4, 2.029
4.724e-4, 2.014
4.723e-4, 1.999
4.723e-4, 1.984
4.723e-4, 1.97
4.723e-4, 1.955
4.723e-4, 1.94
4.723e-4, 1.926
4.723e-4, 1.911
4.723e-4, 1.897
4.723e-4, 1.883
4.723e-4, 1.869
4.723e-4, 1.855
4.723e-4, 1.841
4.755e-4, 1.827
4.788e-4, 1.814
4.788e-4, 1.8
4.788e-4, 1.787
4.788e-4, 1.774
4.788e-4, 1.761
4.788e-4, 1.746
4.788e-4, 1.734
4.82e-4, 1.734
4.853e-4, 1.721
4.886e-4, 1.709
4.886e-4, 1.696
4.886e-4, 1.683
4.886e-4, 1.671
4.886e-4, 1.658
4.919e-4, 1.658
4.953e-4, 1.646
4.987e-4, 1.634
4.986e-4, 1.621
4.986e-4, 1.609
4.986e-4, 1.597
5.02e-4, 1.585
5.02e-4, 1.573
5.055e-4, 1.573
5.055e-4, 1.562
5.089e-4, 1.55
5.089e-4, 1.539
5.124e-4, 1.527
5.158e-4, 1.516
5.158e-4, 1.505
5.194e-4, 1.505
5.229e-4, 1.492
5.265e-4, 1.482
5.265e-4, 1.471
5.3e-4, 1.471
5.337e-4, 1.46
5.337e-4, 1.449
5.373e-4, 1.449
5.409e-4, 1.438
5.446e-4, 1.428
5.446e-4, 1.417
5.446e-4, 1.407
5.446e-4, 1.396
5.446e-4, 1.386
5.483e-4, 1.386
5.521e-4, 1.375
5.558e-4, 1.365
5.596e-4, 1.355
5.634e-4, 1.345
5.634e-4, 1.335
5.673e-4, 1.335
5.711e-4, 1.325
5.75e-4, 1.315
5.75e-4, 1.305
5.75e-4, 1.295
5.75e-4, 1.286
5.789e-4, 1.276
5.829e-4, 1.267
5.868e-4, 1.257
5.908e-4, 1.257
5.948e-4, 1.248
5.948e-4, 1.238
5.948e-4, 1.229
5.989e-4, 1.229
6.03e-4, 1.22
6.071e-4, 1.211
6.112e-4, 1.211
6.154e-4, 1.211
6.196e-4, 1.211
6.238e-4, 1.202
6.28e-4, 1.202
6.323e-4, 1.193
6.323e-4, 1.184
6.366e-4, 1.175
6.41e-4, 1.175
6.453e-4, 1.166
6.497e-4, 1.158
6.542e-4, 1.149
6.541e-4, 1.141
6.586e-4, 1.132
6.631e-4, 1.132
6.676e-4, 1.124
6.676e-4, 1.115
6.721e-4, 1.107
6.767e-4, 1.107
6.813e-4, 1.099
6.813e-4, 1.09
6.86e-4, 1.09
6.86e-4, 1.082
6.86e-4, 1.074
6.906e-4, 1.074
6.953e-4, 1.066
7.001e-4, 1.058
7.049e-4, 1.05
7.097e-4, 1.05
7.097e-4, 1.043
7.145e-4, 1.043
7.194e-4, 1.035
7.243e-4, 1.035
7.292e-4, 1.035
7.342e-4, 1.027
7.392e-4, 1.019
7.442e-4, 1.019
7.442e-4, 1.012
7.493e-4, 1.004
7.544e-4, 1.004
7.544e-4, 0.996
7.595e-4, 0.988
7.647e-4, 0.982
7.699e-4, 0.982
7.699e-4, 0.975
7.751e-4, 0.967
7.804e-4, 0.96
7.857e-4, 0.96
7.911e-4, 0.952
7.965e-4, 0.952
8.019e-4, 0.952
8.074e-4, 0.952
8.129e-4, 0.952
8.184e-4, 0.946
8.24e-4, 0.946
8.296e-4, 0.939
8.296e-4, 0.932
8.352e-4, 0.925
8.409e-4, 0.925
8.466e-4, 0.918
8.524e-4, 0.911
8.582e-4, 0.904
8.641e-4, 0.897
8.699e-4, 0.891
8.759e-4, 0.884
8.818e-4, 0.884
8.878e-4, 0.884
8.939e-4, 0.878
9.0e-4, 0.871
9.061e-4, 0.871
9.061e-4, 0.863
9.123e-4, 0.858
9.185e-4, 0.851
9.247e-4, 0.845
9.31e-4, 0.845
9.31e-4, 0.839
9.374e-4, 0.839
9.438e-4, 0.833
9.502e-4, 0.833
9.567e-4, 0.833
9.632e-4, 0.826
9.698e-4, 0.819
9.764e-4, 0.819
9.764e-4, 0.814
9.83e-4, 0.808
9.897e-4, 0.802
9.964e-4, 0.802
1.003e-3, 0.796
1.01e-3, 0.796
1.017e-3, 0.79
1.024e-3, 0.79
1.024e-3, 0.784
1.031e-3, 0.784
1.038e-3, 0.784
1.045e-3, 0.784
1.052e-3, 0.778
1.059e-3, 0.773
1.066e-3, 0.773
1.066e-3, 0.767
1.074e-3, 0.761
1.081e-3, 0.755
1.088e-3, 0.755
1.096e-3, 0.75
1.103e-3, 0.75
1.111e-3, 0.75
1.118e-3, 0.75
1.126e-3, 0.75
1.134e-3, 0.744
1.141e-3, 0.744
1.141e-3, 0.738
1.149e-3, 0.738
1.157e-3, 0.738
1.165e-3, 0.738
1.173e-3, 0.733
1.181e-3, 0.728
1.189e-3, 0.728
1.189e-3, 0.722
1.197e-3, 0.717
1.205e-3, 0.71
1.213e-3, 0.71
1.222e-3, 0.706
1.23e-3, 0.706
1.238e-3, 0.706
1.247e-3, 0.701
1.255e-3, 0.701
1.264e-3, 0.696
1.272e-3, 0.69
1.281e-3, 0.685
1.29e-3, 0.68
1.299e-3, 0.68
1.307e-3, 0.68
1.316e-3, 0.675
1.325e-3, 0.67
1.334e-3, 0.665
1.343e-3, 0.66
1.352e-3, 0.655
1.362e-3, 0.655
1.371e-3, 0.655
1.38e-3, 0.65
1.39e-3, 0.65
1.39e-3, 0.645
1.399e-3, 0.645
1.409e-3, 0.641
1.418e-3, 0.641
1.428e-3, 0.641
1.438e-3, 0.636
1.448e-3, 0.631
1.457e-3, 0.626
1.467e-3, 0.621
1.477e-3, 0.617
1.487e-3, 0.617
1.497e-3, 0.617
1.508e-3, 0.617
1.508e-3, 0.612
1.518e-3, 0.608
1.528e-3, 0.608
1.539e-3, 0.603
1.549e-3, 0.599
1.56e-3, 0.593
1.57e-3, 0.593
1.581e-3, 0.589
1.592e-3, 0.589
1.603e-3, 0.589
1.614e-3, 0.589
1.625e-3, 0.589
1.636e-3, 0.589
1.647e-3, 0.589
1.658e-3, 0.585
1.669e-3, 0.585
1.681e-3, 0.581
1.692e-3, 0.577
1.704e-3, 0.572
1.715e-3, 0.568
1.727e-3, 0.568
1.739e-3, 0.568
1.751e-3, 0.564
1.762e-3, 0.56
1.775e-3, 0.56
1.787e-3, 0.556
1.799e-3, 0.556
1.811e-3, 0.556
1.823e-3, 0.551
1.836e-3, 0.551
1.848e-3, 0.547
1.861e-3, 0.543
1.874e-3, 0.539
1.886e-3, 0.535
1.899e-3, 0.535
1.912e-3, 0.535
1.925e-3, 0.531
1.938e-3, 0.527
1.951e-3, 0.527
1.965e-3, 0.523
1.978e-3, 0.523
1.992e-3, 0.519
2.005e-3, 0.519
2.019e-3, 0.515
2.033e-3, 0.512
2.046e-3, 0.508
2.06e-3, 0.504
2.074e-3, 0.504
2.089e-3, 0.504
2.103e-3, 0.5
2.117e-3, 0.496
2.131e-3, 0.496
2.146e-3, 0.492
2.161e-3, 0.492
2.175e-3, 0.488
2.19e-3, 0.488
2.19e-3, 0.484
2.205e-3, 0.484
2.22e-3, 0.484
2.235e-3, 0.484
2.25e-3, 0.482
2.266e-3, 0.478
2.281e-3, 0.478
2.281e-3, 0.475
2.297e-3, 0.471
2.312e-3, 0.468
2.328e-3, 0.468
2.344e-3, 0.464
2.36e-3, 0.464
2.376e-3, 0.464
2.392e-3, 0.464
2.409e-3, 0.464
2.425e-3, 0.464
2.442e-3, 0.464
2.458e-3, 0.464
2.475e-3, 0.461
2.492e-3, 0.461
2.492e-3, 0.457
2.509e-3, 0.457
2.526e-3, 0.457
2.543e-3, 0.457
2.56e-3, 0.457
2.578e-3, 0.457
2.595e-3, 0.457
2.595e-3, 0.454
2.613e-3, 0.45
2.631e-3, 0.45
2.649e-3, 0.447
2.667e-3, 0.444
2.685e-3, 0.44
2.703e-3, 0.44
2.722e-3, 0.437
2.74e-3, 0.437
2.759e-3, 0.434
2.778e-3, 0.434
2.778e-3, 0.431
2.797e-3, 0.431
2.816e-3, 0.431
2.835e-3, 0.431
2.854e-3, 0.427
2.874e-3, 0.427
2.874e-3, 0.424
2.893e-3, 0.424
2.913e-3, 0.421
2.933e-3, 0.421
2.953e-3, 0.421
2.973e-3, 0.418
2.993e-3, 0.415
3.013e-3, 0.412
3.034e-3, 0.409
3.055e-3, 0.405
3.075e-3, 0.405
3.096e-3, 0.405
3.118e-3, 0.402
3.139e-3, 0.402
3.139e-3, 0.399
3.16e-3, 0.399
3.182e-3, 0.396
3.203e-3, 0.396
3.225e-3, 0.396
3.247e-3, 0.394
3.269e-3, 0.391
3.292e-3, 0.391
3.314e-3, 0.388
3.337e-3, 0.388
3.359e-3, 0.385
3.382e-3, 0.385
3.382e-3, 0.382
3.405e-3, 0.382
3.428e-3, 0.382
3.452e-3, 0.382
3.475e-3, 0.379
3.499e-3, 0.379
3.499e-3, 0.376
3.523e-3, 0.376
3.547e-3, 0.373
3.571e-3, 0.373
3.595e-3, 0.373
3.62e-3, 0.371
3.644e-3, 0.367
3.669e-3, 0.367
3.694e-3, 0.365
3.719e-3, 0.365
3.745e-3, 0.365
3.77e-3, 0.365
3.796e-3, 0.365
3.822e-3, 0.362
3.848e-3, 0.362
3.848e-3, 0.359
3.874e-3, 0.359
3.9e-3, 0.359
3.927e-3, 0.359
3.954e-3, 0.357
3.981e-3, 0.357
3.981e-3, 0.354
4.008e-3, 0.354
4.035e-3, 0.351
4.063e-3, 0.351
4.09e-3, 0.351
4.118e-3, 0.349
4.146e-3, 0.346
4.174e-3, 0.346
4.203e-3, 0.343
4.232e-3, 0.343
4.26e-3, 0.341
4.289e-3, 0.341
4.289e-3, 0.339
4.319e-3, 0.339
4.348e-3, 0.339
4.378e-3, 0.339
4.408e-3, 0.336
4.438e-3, 0.336
4.438e-3, 0.334
4.468e-3, 0.334
4.498e-3, 0.331
4.529e-3, 0.331
4.56e-3, 0.331
4.591e-3, 0.329
4.622e-3, 0.326
4.654e-3, 0.324
4.685e-3, 0.321
4.717e-3, 0.319
4.749e-3, 0.319
4.782e-3, 0.319
4.814e-3, 0.319
4.847e-3, 0.317
4.88e-3, 0.314
4.913e-3, 0.314
4.947e-3, 0.312
4.98e-3, 0.312
5.014e-3, 0.31
5.049e-3, 0.31
5.048e-3, 0.307
5.083e-3, 0.307
5.118e-3, 0.307
5.152e-3, 0.307
5.188e-3, 0.305
5.223e-3, 0.305
5.223e-3, 0.303
5.258e-3, 0.303
5.294e-3, 0.3
5.33e-3, 0.3
5.367e-3, 0.3
5.403e-3, 0.298
5.44e-3, 0.296
5.477e-3, 0.296
5.514e-3, 0.294
5.552e-3, 0.294
5.59e-3, 0.292
5.628e-3, 0.292
5.628e-3, 0.289
5.666e-3, 0.289
5.705e-3, 0.289
5.744e-3, 0.289
5.783e-3, 0.287
5.822e-3, 0.287
5.822e-3, 0.285
5.862e-3, 0.285
5.902e-3, 0.283
5.942e-3, 0.283
5.982e-3, 0.283
6.023e-3, 0.283
6.064e-3, 0.283
6.106e-3, 0.283
6.147e-3, 0.283
6.189e-3, 0.283
6.231e-3, 0.283
6.274e-3, 0.283
6.317e-3, 0.283
6.36e-3, 0.281
6.403e-3, 0.279
6.446e-3, 0.277
6.49e-3, 0.275
6.535e-3, 0.272
6.579e-3, 0.272
6.624e-3, 0.272
6.669e-3, 0.27
6.715e-3, 0.27
6.714e-3, 0.268
6.76e-3, 0.268
6.806e-3, 0.266
6.853e-3, 0.266
6.899e-3, 0.266
6.946e-3, 0.264
6.994e-3, 0.262
7.041e-3, 0.262
7.089e-3, 0.261
7.138e-3, 0.261
7.186e-3, 0.259
7.235e-3, 0.259
7.235e-3, 0.257
7.284e-3, 0.257
7.334e-3, 0.257
7.384e-3, 0.257
7.434e-3, 0.255
7.485e-3, 0.255
7.485e-3, 0.253
7.536e-3, 0.253
7.587e-3, 0.251
7.639e-3, 0.251
7.691e-3, 0.251
7.743e-3, 0.249
7.796e-3, 0.246
7.849e-3, 0.246
7.903e-3, 0.245
7.957e-3, 0.245
8.011e-3, 0.244
8.065e-3, 0.244
8.065e-3, 0.242
8.12e-3, 0.242
8.176e-3, 0.242
8.231e-3, 0.242
8.287e-3, 0.24
8.344e-3, 0.24
8.344e-3, 0.238
8.401e-3, 0.238
8.458e-3, 0.236
8.516e-3, 0.236
8.574e-3, 0.236
8.632e-3, 0.234
8.691e-3, 0.233
8.75e-3, 0.233
8.81e-3, 0.231
8.87e-3, 0.231
8.93e-3, 0.229
8.991e-3, 0.229
8.991e-3, 0.228
9.052e-3, 0.228
9.114e-3, 0.228
9.176e-3, 0.228
9.238e-3, 0.226
9.301e-3, 0.226
9.301e-3, 0.224
9.365e-3, 0.224
9.429e-3, 0.223
9.493e-3, 0.223
9.558e-3, 0.223
9.623e-3, 0.223
9.688e-3, 0.223
9.754e-3, 0.223
9.821e-3, 0.223
9.888e-3, 0.223
9.955e-3, 0.221
1.002e-2, 0.219
1.009e-2, 0.219
1.016e-2, 0.218
1.023e-2, 0.218
1.03e-2, 0.218
1.037e-2, 0.216
1.044e-2, 0.216
1.051e-2, 0.214
1.058e-2, 0.213
1.065e-2, 0.211
1.073e-2, 0.21
1.08e-2, 0.21
1.087e-2, 0.21
1.095e-2, 0.208
1.102e-2, 0.206
1.11e-2, 0.206
1.117e-2, 0.205
1.125e-2, 0.205
1.133e-2, 0.203
1.14e-2, 0.203
1.14e-2, 0.202
1.148e-2, 0.202
1.156e-2, 0.202
1.164e-2, 0.202
1.172e-2, 0.2
1.18e-2, 0.199
1.188e-2, 0.197
1.196e-2, 0.197
1.204e-2, 0.197
1.212e-2, 0.196
1.22e-2, 0.194
1.229e-2, 0.194
1.237e-2, 0.193
1.245e-2, 0.193
1.254e-2, 0.193
1.263e-2, 0.192
1.271e-2, 0.19
1.28e-2, 0.19
1.289e-2, 0.19
1.297e-2, 0.19
1.306e-2, 0.189
1.315e-2, 0.187
1.324e-2, 0.186
1.333e-2, 0.186
1.342e-2, 0.186
1.351e-2, 0.185
1.36e-2, 0.183
1.37e-2, 0.183
1.379e-2, 0.182
1.388e-2, 0.182
1.398e-2, 0.182
1.407e-2, 0.18
1.417e-2, 0.179
1.427e-2, 0.179
1.436e-2, 0.179
1.446e-2, 0.179
1.456e-2, 0.178
1.466e-2, 0.176
1.476e-2, 0.175
1.486e-2, 0.175
1.496e-2, 0.175
1.506e-2, 0.175
1.517e-2, 0.175
1.527e-2, 0.175
1.537e-2, 0.175
1.548e-2, 0.175
1.558e-2, 0.175
1.569e-2, 0.175
1.58e-2, 0.175
1.59e-2, 0.174
1.601e-2, 0.172
1.612e-2, 0.172
1.623e-2, 0.171
1.634e-2, 0.171
1.645e-2, 0.171
1.657e-2, 0.17
1.668e-2, 0.17
1.668e-2, 0.169
1.679e-2, 0.169
1.691e-2, 0.169
1.702e-2, 0.169
1.714e-2, 0.167
1.725e-2, 0.166
1.737e-2, 0.165
1.749e-2, 0.165
1.761e-2, 0.165
1.773e-2, 0.164
1.785e-2, 0.162
1.797e-2, 0.162
1.809e-2, 0.161
1.822e-2, 0.161
1.834e-2, 0.161
1.847e-2, 0.16
1.859e-2, 0.159
1.872e-2, 0.159
1.885e-2, 0.159
1.897e-2, 0.159
1.91e-2, 0.158
1.923e-2, 0.156
1.936e-2, 0.155
1.95e-2, 0.155
1.963e-2, 0.155
1.976e-2, 0.154
1.99e-2, 0.153
2.003e-2, 0.153
2.017e-2, 0.152
2.031e-2, 0.152
2.045e-2, 0.152
2.059e-2, 0.151
2.073e-2, 0.15
2.087e-2, 0.15
2.101e-2, 0.15
2.115e-2, 0.15
2.13e-2, 0.148
2.144e-2, 0.147
2.159e-2, 0.146
2.173e-2, 0.146
2.188e-2, 0.146
2.203e-2, 0.145
2.218e-2, 0.144
2.233e-2, 0.144
2.248e-2, 0.143
2.264e-2, 0.143
2.279e-2, 0.143
2.295e-2, 0.142
2.31e-2, 0.141
2.326e-2, 0.141
2.342e-2, 0.141
2.358e-2, 0.141
2.374e-2, 0.14
2.39e-2, 0.139
2.406e-2, 0.138
2.423e-2, 0.138
2.439e-2, 0.138
2.456e-2, 0.138
2.473e-2, 0.138
2.49e-2, 0.138
2.507e-2, 0.138
2.524e-2, 0.138
2.541e-2, 0.138
2.558e-2, 0.137
2.576e-2, 0.136
2.593e-2, 0.136
2.611e-2, 0.135
2.629e-2, 0.135
2.646e-2, 0.134
2.664e-2, 0.134
2.664e-2, 0.133
2.683e-2, 0.133
2.701e-2, 0.133
2.719e-2, 0.133
2.738e-2, 0.132
2.756e-2, 0.132
2.756e-2, 0.131
2.775e-2, 0.131
2.794e-2, 0.13
2.813e-2, 0.13
2.832e-2, 0.13
2.852e-2, 0.129
2.871e-2, 0.128
2.891e-2, 0.128
2.91e-2, 0.127
2.93e-2, 0.127
2.95e-2, 0.126
2.97e-2, 0.126
2.99e-2, 0.125
3.011e-2, 0.124
3.031e-2, 0.123
3.052e-2, 0.121
3.073e-2, 0.121
3.094e-2, 0.121
3.115e-2, 0.121
3.136e-2, 0.12
3.157e-2, 0.12
3.179e-2, 0.119
3.201e-2, 0.119
3.222e-2, 0.119
3.244e-2, 0.119
3.244e-2, 0.117
3.266e-2, 0.117
3.289e-2, 0.117
3.311e-2, 0.117
3.334e-2, 0.117
3.356e-2, 0.117
3.356e-2, 0.116
3.379e-2, 0.116
3.402e-2, 0.115
3.425e-2, 0.115
3.449e-2, 0.115
3.472e-2, 0.114
3.496e-2, 0.113
3.52e-2, 0.113
3.544e-2, 0.112
3.568e-2, 0.112
3.592e-2, 0.112
3.617e-2, 0.112
3.617e-2, 0.111
3.641e-2, 0.111
3.666e-2, 0.111
3.691e-2, 0.111
3.716e-2, 0.111
3.741e-2, 0.111
3.767e-2, 0.111
3.793e-2, 0.11
3.818e-2, 0.11
3.818e-2, 0.109
3.844e-2, 0.109
3.871e-2, 0.108
3.897e-2, 0.108
3.924e-2, 0.108
3.95e-2, 0.108
3.977e-2, 0.108
4.004e-2, 0.108
4.032e-2, 0.108
4.059e-2, 0.108
4.087e-2, 0.108
4.115e-2, 0.107
4.143e-2, 0.107
4.171e-2, 0.106
4.199e-2, 0.106
4.228e-2, 0.105
4.257e-2, 0.105
4.257e-2, 0.104
4.286e-2, 0.104
4.315e-2, 0.104
4.344e-2, 0.104
4.374e-2, 0.104
4.404e-2, 0.104
4.404e-2, 0.103
4.434e-2, 0.103
4.464e-2, 0.102
4.494e-2, 0.102
4.525e-2, 0.102
4.556e-2, 0.101
4.587e-2, 0.101
4.618e-2, 0.101
4.649e-2, 9.975e-2
4.681e-2, 9.975e-2
4.713e-2, 9.901e-2
4.745e-2, 9.9e-2
4.745e-2, 9.827e-2
4.777e-2, 9.827e-2
4.81e-2, 9.827e-2
4.843e-2, 9.826e-2
4.876e-2, 9.753e-2
4.909e-2, 9.753e-2
4.909e-2, 9.68e-2
4.942e-2, 9.68e-2
4.976e-2, 9.608e-2
5.01e-2, 9.608e-2
5.044e-2, 9.608e-2
5.079e-2, 9.536e-2
5.113e-2, 9.465e-2
5.148e-2, 9.465e-2
5.183e-2, 9.394e-2
5.218e-2, 9.394e-2
5.254e-2, 9.324e-2
5.29e-2, 9.324e-2
5.29e-2, 9.255e-2
5.326e-2, 9.255e-2
5.362e-2, 9.254e-2
5.399e-2, 9.254e-2
5.435e-2, 9.185e-2
5.472e-2, 9.185e-2
5.472e-2, 9.117e-2
5.51e-2, 9.117e-2
5.547e-2, 9.049e-2
5.585e-2, 9.049e-2
5.623e-2, 9.048e-2
5.661e-2, 8.981e-2
5.7e-2, 8.914e-2
5.739e-2, 8.914e-2
5.778e-2, 8.847e-2
5.817e-2, 8.847e-2
5.857e-2, 8.781e-2
5.897e-2, 8.781e-2
5.897e-2, 8.716e-2
5.937e-2, 8.716e-2
5.977e-2, 8.716e-2
6.018e-2, 8.716e-2
6.059e-2, 8.651e-2
6.1e-2, 8.65e-2
6.1e-2, 8.586e-2
6.142e-2, 8.586e-2
6.184e-2, 8.522e-2
6.226e-2, 8.522e-2
6.268e-2, 8.522e-2
6.311e-2, 8.522e-2
6.354e-2, 8.521e-2
6.397e-2, 8.521e-2
6.441e-2, 8.521e-2
6.485e-2, 8.521e-2
6.529e-2, 8.458e-2
6.573e-2, 8.395e-2
6.618e-2, 8.394e-2
6.663e-2, 8.332e-2
6.709e-2, 8.332e-2
6.754e-2, 8.332e-2
6.8e-2, 8.27e-2
6.847e-2, 8.208e-2
6.893e-2, 8.208e-2
6.94e-2, 8.208e-2
6.988e-2, 8.208e-2
7.035e-2, 8.146e-2
7.083e-2, 8.086e-2
7.131e-2, 8.025e-2
7.18e-2, 8.025e-2
7.229e-2, 8.025e-2
7.278e-2, 7.965e-2
7.328e-2, 7.906e-2
7.378e-2, 7.906e-2
7.428e-2, 7.847e-2
7.479e-2, 7.847e-2
7.529e-2, 7.847e-2
7.581e-2, 7.788e-2
7.632e-2, 7.73e-2
7.684e-2, 7.73e-2
7.737e-2, 7.73e-2
7.79e-2, 7.73e-2
7.843e-2, 7.672e-2
7.896e-2, 7.615e-2
7.95e-2, 7.558e-2
8.004e-2, 7.558e-2
8.058e-2, 7.558e-2
8.113e-2, 7.501e-2
8.169e-2, 7.446e-2
8.224e-2, 7.445e-2
8.28e-2, 7.39e-2
8.337e-2, 7.39e-2
8.394e-2, 7.39e-2
8.451e-2, 7.335e-2
8.508e-2, 7.28e-2
8.566e-2, 7.28e-2
8.625e-2, 7.28e-2
8.683e-2, 7.28e-2
8.743e-2, 7.225e-2
8.802e-2, 7.171e-2
8.862e-2, 7.118e-2
8.922e-2, 7.118e-2
8.983e-2, 7.118e-2
9.044e-2, 7.118e-2
9.106e-2, 7.118e-2
9.168e-2, 7.118e-2
9.231e-2, 7.065e-2
9.293e-2, 7.012e-2
9.357e-2, 7.012e-2
9.42e-2, 6.959e-2
9.485e-2, 6.959e-2
9.549e-2, 6.907e-2
9.614e-2, 6.907e-2
9.614e-2, 6.856e-2
9.68e-2, 6.856e-2
9.746e-2, 6.856e-2
9.812e-2, 6.856e-2
9.879e-2, 6.805e-2
9.946e-2, 6.804e-2
9.946e-2, 6.754e-2
0.1, 6.754e-2
0.101, 6.703e-2
0.102, 6.703e-2
0.102, 6.703e-2
0.103, 6.703e-2
0.104, 6.703e-2
0.104, 6.703e-2
0.105, 6.703e-2
0.106, 6.703e-2
0.106, 6.653e-2
0.107, 6.603e-2
0.108, 6.603e-2
0.109, 6.554e-2
0.109, 6.554e-2
0.11, 6.554e-2
0.111, 6.505e-2
0.112, 6.456e-2
0.112, 6.456e-2
0.113, 6.456e-2
0.114, 6.456e-2
0.115, 6.408e-2
0.115, 6.36e-2
0.116, 6.313e-2
0.117, 6.313e-2
0.117, 6.313e-2
0.119, 6.266e-2
0.119, 6.219e-2
0.12, 6.219e-2
0.121, 6.172e-2
0.121, 6.172e-2
0.123, 6.172e-2
0.124, 6.126e-2
0.124, 6.08e-2
0.125, 6.08e-2
0.126, 6.08e-2
0.127, 6.08e-2
0.128, 6.035e-2
0.129, 5.99e-2
0.13, 5.945e-2
0.131, 5.945e-2
0.131, 5.945e-2
0.132, 5.901e-2
0.133, 5.857e-2
0.134, 5.857e-2
0.135, 5.813e-2
0.136, 5.813e-2
0.137, 5.813e-2
0.138, 5.769e-2
0.139, 5.726e-2
0.14, 5.726e-2
0.141, 5.726e-2
0.142, 5.726e-2
0.143, 5.684e-2
0.144, 5.641e-2
0.144, 5.599e-2
0.145, 5.599e-2
0.146, 5.599e-2
0.147, 5.557e-2
0.148, 5.516e-2
0.149, 5.516e-2
0.15, 5.475e-2
0.152, 5.474e-2
0.153, 5.474e-2
0.154, 5.434e-2
0.155, 5.393e-2
0.156, 5.393e-2
0.157, 5.393e-2
0.158, 5.393e-2
0.159, 5.353e-2
0.16, 5.313e-2
0.161, 5.273e-2
0.162, 5.273e-2
0.163, 5.273e-2
0.164, 5.273e-2
0.166, 5.273e-2
0.167, 5.273e-2
0.168, 5.273e-2
0.169, 5.273e-2
0.17, 5.273e-2
0.171, 5.233e-2
0.172, 5.194e-2
0.174, 5.194e-2
0.175, 5.155e-2
0.176, 5.155e-2
0.177, 5.117e-2
0.178, 5.117e-2
0.178, 5.079e-2
0.18, 5.079e-2
0.181, 5.079e-2
0.182, 5.079e-2
0.183, 5.041e-2
0.185, 5.041e-2
0.185, 5.003e-2
0.186, 5.003e-2
0.187, 4.966e-2
0.188, 4.966e-2
0.19, 4.966e-2
0.191, 4.929e-2
0.192, 4.892e-2
0.193, 4.892e-2
0.195, 4.855e-2
0.196, 4.855e-2
0.197, 4.819e-2
0.199, 4.819e-2
0.199, 4.783e-2
0.2, 4.783e-2
0.202, 4.783e-2
0.203, 4.783e-2
0.204, 4.747e-2
0.206, 4.747e-2
0.206, 4.712e-2
0.207, 4.712e-2
0.208, 4.677e-2
0.21, 4.677e-2
0.211, 4.677e-2
0.213, 4.642e-2
0.214, 4.607e-2
0.216, 4.607e-2
0.217, 4.573e-2
0.219, 4.573e-2
0.22, 4.573e-2
0.222, 4.572e-2
0.223, 4.538e-2
0.225, 4.538e-2
0.225, 4.505e-2
0.226, 4.504e-2
0.228, 4.504e-2
0.229, 4.504e-2
0.231, 4.471e-2
0.232, 4.471e-2
0.232, 4.437e-2
0.234, 4.437e-2
0.236, 4.404e-2
0.237, 4.404e-2
0.238, 4.404e-2
0.24, 4.371e-2
0.242, 4.339e-2
0.244, 4.339e-2
0.245, 4.306e-2
0.246, 4.306e-2
0.249, 4.274e-2
0.25, 4.274e-2
0.25, 4.242e-2
0.252, 4.242e-2
0.254, 4.242e-2
0.256, 4.242e-2
0.257, 4.21e-2
0.259, 4.21e-2
0.259, 4.179e-2
0.261, 4.179e-2
0.263, 4.148e-2
0.264, 4.148e-2
0.266, 4.148e-2
0.268, 4.148e-2
0.27, 4.148e-2
0.272, 4.148e-2
0.274, 4.148e-2
0.275, 4.148e-2
0.277, 4.117e-2
0.279, 4.086e-2
0.281, 4.086e-2
0.283, 4.055e-2
0.285, 4.055e-2
0.287, 4.055e-2
0.289, 4.025e-2
0.291, 3.995e-2
0.293, 3.995e-2
0.295, 3.995e-2
0.297, 3.995e-2
0.299, 3.965e-2
0.301, 3.936e-2
0.303, 3.906e-2
0.305, 3.906e-2
0.307, 3.906e-2
0.309, 3.877e-2
0.311, 3.848e-2
0.313, 3.848e-2
0.315, 3.819e-2
0.318, 3.819e-2
0.32, 3.819e-2
0.322, 3.791e-2
0.324, 3.762e-2
0.326, 3.762e-2
0.329, 3.762e-2
0.331, 3.762e-2
0.333, 3.734e-2
0.335, 3.706e-2
0.338, 3.679e-2
0.34, 3.679e-2
0.342, 3.679e-2
0.345, 3.651e-2
0.347, 3.624e-2
0.349, 3.624e-2
0.351, 3.597e-2
0.354, 3.597e-2
0.355, 3.597e-2
0.359, 3.57e-2
0.361, 3.543e-2
0.363, 3.543e-2
0.366, 3.543e-2
0.369, 3.543e-2
0.371, 3.517e-2
0.374, 3.491e-2
0.376, 3.465e-2
0.379, 3.465e-2
0.382, 3.464e-2
0.384, 3.439e-2
0.387, 3.413e-2
0.389, 3.413e-2
0.392, 3.388e-2
0.395, 3.387e-2
0.397, 3.387e-2
0.4, 3.362e-2
0.403, 3.337e-2
0.406, 3.337e-2
0.408, 3.337e-2
0.411, 3.337e-2
0.414, 3.312e-2
0.417, 3.287e-2
0.42, 3.263e-2
0.422, 3.263e-2
0.425, 3.263e-2
0.428, 3.263e-2
0.431, 3.263e-2
0.434, 3.263e-2
0.437, 3.263e-2
0.44, 3.263e-2
0.443, 3.263e-2
0.446, 3.238e-2
0.449, 3.214e-2
0.452, 3.214e-2
0.455, 3.19e-2
0.458, 3.19e-2
0.461, 3.166e-2
0.465, 3.166e-2
0.465, 3.143e-2
0.468, 3.143e-2
0.471, 3.143e-2
0.474, 3.143e-2
0.476, 3.119e-2
0.48, 3.119e-2
0.48, 3.096e-2
0.484, 3.096e-2
0.487, 3.073e-2
0.49, 3.073e-2
0.494, 3.073e-2
0.496, 3.05e-2
0.501, 3.027e-2
0.504, 3.027e-2
0.507, 3.004e-2
0.511, 3.004e-2
0.514, 2.982e-2
0.518, 2.982e-2
0.518, 2.96e-2
0.521, 2.96e-2
0.525, 2.96e-2
0.529, 2.96e-2
0.532, 2.937e-2
0.536, 2.937e-2
0.536, 2.916e-2
0.539, 2.916e-2
0.543, 2.894e-2
0.547, 2.894e-2
0.55, 2.894e-2
0.554, 2.894e-2
0.558, 2.894e-2
0.562, 2.872e-2
0.565, 2.851e-2
0.569, 2.851e-2
0.573, 2.829e-2
0.577, 2.829e-2
0.581, 2.829e-2
0.585, 2.808e-2
0.589, 2.787e-2
0.593, 2.787e-2
0.597, 2.787e-2
0.601, 2.787e-2
0.605, 2.766e-2
0.609, 2.746e-2
0.613, 2.725e-2
0.617, 2.725e-2
0.621, 2.725e-2
0.626, 2.705e-2
0.631, 2.685e-2
0.635, 2.685e-2
0.639, 2.665e-2
0.644, 2.665e-2
0.648, 2.665e-2
0.652, 2.645e-2
0.657, 2.625e-2
0.661, 2.625e-2
0.666, 2.625e-2
0.67, 2.625e-2
0.675, 2.605e-2
0.679, 2.586e-2
0.684, 2.567e-2
0.689, 2.567e-2
0.693, 2.567e-2
0.698, 2.567e-2
0.702, 2.566e-2
0.708, 2.566e-2
0.713, 2.566e-2
0.717, 2.566e-2
0.722, 2.566e-2
0.726, 2.547e-2
0.732, 2.528e-2
0.737, 2.528e-2
0.742, 2.509e-2
0.746, 2.509e-2
0.752, 2.491e-2
0.757, 2.491e-2
0.757, 2.472e-2
0.763, 2.472e-2
0.768, 2.472e-2
0.773, 2.472e-2
0.778, 2.454e-2
0.784, 2.453e-2
0.784, 2.435e-2
0.789, 2.435e-2
0.794, 2.417e-2
0.8, 2.417e-2
0.805, 2.417e-2
0.811, 2.399e-2
0.815, 2.381e-2
0.822, 2.381e-2
0.827, 2.363e-2
0.833, 2.363e-2
0.839, 2.346e-2
0.843, 2.346e-2
0.843, 2.328e-2
0.85, 2.328e-2
0.855, 2.328e-2
0.862, 2.328e-2
0.867, 2.311e-2
0.874, 2.311e-2
0.874, 2.293e-2
0.879, 2.293e-2
0.885, 2.276e-2
0.891, 2.276e-2
0.898, 2.276e-2
0.904, 2.259e-2
0.91, 2.242e-2
0.916, 2.242e-2
0.922, 2.226e-2
0.929, 2.226e-2
0.935, 2.209e-2
0.94, 2.209e-2
0.94, 2.193e-2
0.948, 2.193e-2
0.954, 2.193e-2
0.96, 2.192e-2
0.967, 2.176e-2
0.974, 2.176e-2
0.974, 2.16e-2
0.98, 2.16e-2
0.987, 2.144e-2
0.987, 2.128e-2
0.98, 2.112e-2
0.974, 2.096e-2
