#DataThief /Users/mastbaum/sbn/analysis/nue.png Wednesday 29-Mar-2017 2:46:47 PM
5.174e-4, 97.522
5.174e-4, 96.795
5.174e-4, 96.074
5.174e-4, 95.359
5.174e-4, 94.649
5.174e-4, 93.944
5.174e-4, 93.244
5.174e-4, 92.549
5.174e-4, 91.859
5.174e-4, 91.176
5.139e-4, 90.498
5.104e-4, 89.825
5.104e-4, 89.156
5.104e-4, 88.492
5.104e-4, 87.833
5.104e-4, 87.178
5.104e-4, 86.529
5.104e-4, 85.885
5.104e-4, 85.245
5.104e-4, 84.609
5.104e-4, 83.98
5.104e-4, 83.354
5.104e-4, 82.734
5.139e-4, 82.117
5.139e-4, 81.505
5.139e-4, 80.898
5.174e-4, 80.294
5.174e-4, 79.696
5.174e-4, 79.103
5.174e-4, 78.514
5.209e-4, 77.928
5.209e-4, 77.347
5.244e-4, 76.771
5.28e-4, 76.198
5.28e-4, 75.631
5.28e-4, 75.067
5.28e-4, 74.508
5.28e-4, 73.952
5.28e-4, 73.402
5.28e-4, 72.855
5.28e-4, 72.313
5.28e-4, 71.774
5.28e-4, 71.24
5.28e-4, 70.709
5.28e-4, 70.183
5.28e-4, 69.66
5.244e-4, 69.661
5.208e-4, 69.143
5.173e-4, 68.628
5.173e-4, 68.117
5.173e-4, 67.609
5.138e-4, 67.107
5.138e-4, 66.607
5.103e-4, 66.112
5.069e-4, 66.113
5.034e-4, 65.621
5.0e-4, 65.133
4.966e-4, 64.648
4.933e-4, 64.168
4.933e-4, 63.69
4.933e-4, 63.215
4.932e-4, 62.745
4.899e-4, 62.278
4.866e-4, 62.279
4.833e-4, 61.815
4.833e-4, 61.355
4.8e-4, 60.899
4.768e-4, 60.446
4.735e-4, 59.996
4.735e-4, 59.549
4.735e-4, 59.106
4.735e-4, 58.666
4.735e-4, 58.229
4.735e-4, 57.795
4.703e-4, 57.365
4.671e-4, 56.939
4.671e-4, 56.515
4.671e-4, 56.094
4.671e-4, 55.676
4.64e-4, 55.262
4.64e-4, 54.85
4.608e-4, 54.442
4.577e-4, 54.037
4.577e-4, 53.635
4.577e-4, 53.234
4.577e-4, 52.839
4.577e-4, 52.445
4.577e-4, 52.055
4.546e-4, 52.055
4.515e-4, 51.668
4.484e-4, 51.284
4.484e-4, 50.902
4.484e-4, 50.523
4.484e-4, 50.147
4.484e-4, 49.773
4.484e-4, 49.402
4.484e-4, 49.034
4.484e-4, 48.669
4.484e-4, 48.307
4.484e-4, 47.947
4.484e-4, 47.589
4.484e-4, 47.234
4.484e-4, 46.883
4.484e-4, 46.534
4.484e-4, 46.188
4.484e-4, 45.843
4.484e-4, 45.502
4.484e-4, 45.163
4.484e-4, 44.827
4.484e-4, 44.492
4.484e-4, 44.162
4.484e-4, 43.833
4.484e-4, 43.506
4.484e-4, 43.182
4.484e-4, 42.861
4.484e-4, 42.541
4.484e-4, 42.225
4.484e-4, 41.91
4.514e-4, 41.91
4.545e-4, 41.597
4.545e-4, 41.287
4.545e-4, 40.98
4.545e-4, 40.674
4.545e-4, 40.371
4.576e-4, 40.07
4.607e-4, 40.07
4.638e-4, 39.771
4.638e-4, 39.475
4.67e-4, 39.474
4.702e-4, 39.18
4.702e-4, 38.888
4.734e-4, 38.597
4.766e-4, 38.597
4.799e-4, 38.31
4.799e-4, 38.024
4.831e-4, 37.741
4.864e-4, 37.74
4.897e-4, 37.459
4.897e-4, 37.18
4.931e-4, 37.18
4.964e-4, 36.902
4.964e-4, 36.627
4.998e-4, 36.627
5.032e-4, 36.627
5.066e-4, 36.353
5.101e-4, 36.082
5.136e-4, 35.813
5.171e-4, 35.546
5.206e-4, 35.281
5.241e-4, 35.28
5.277e-4, 35.28
5.313e-4, 35.28
5.349e-4, 35.279
5.386e-4, 35.279
5.422e-4, 35.016
5.459e-4, 34.755
5.496e-4, 34.754
5.496e-4, 34.495
5.534e-4, 34.238
5.571e-4, 33.983
5.609e-4, 33.982
5.648e-4, 33.729
5.686e-4, 33.728
5.725e-4, 33.476
5.764e-4, 33.476
5.803e-4, 33.227
5.803e-4, 32.979
5.843e-4, 32.733
5.882e-4, 32.733
5.882e-4, 32.488
5.922e-4, 32.246
5.963e-4, 32.246
6.003e-4, 32.006
6.044e-4, 32.006
6.085e-4, 31.767
6.127e-4, 31.766
6.169e-4, 31.53
6.211e-4, 31.529
6.211e-4, 31.294
6.253e-4, 31.061
6.296e-4, 30.829
6.338e-4, 30.829
6.338e-4, 30.599
6.338e-4, 30.371
6.338e-4, 30.145
6.338e-4, 29.921
6.338e-4, 29.698
6.338e-4, 29.476
6.338e-4, 29.257
6.338e-4, 29.039
6.381e-4, 29.039
6.338e-4, 28.823
6.295e-4, 28.609
6.253e-4, 28.396
6.21e-4, 28.185
6.168e-4, 27.975
6.126e-4, 27.767
6.085e-4, 27.56
6.044e-4, 27.561
6.044e-4, 27.355
6.003e-4, 27.152
5.962e-4, 26.95
5.962e-4, 26.749
5.922e-4, 26.75
5.881e-4, 26.551
5.842e-4, 26.551
5.802e-4, 26.551
5.763e-4, 26.552
5.763e-4, 26.354
5.724e-4, 26.354
5.685e-4, 26.158
5.647e-4, 26.158
5.608e-4, 26.159
5.57e-4, 26.159
5.533e-4, 25.964
5.533e-4, 25.771
5.495e-4, 25.579
5.458e-4, 25.58
5.421e-4, 25.58
5.384e-4, 25.58
5.348e-4, 25.58
5.348e-4, 25.39
5.312e-4, 25.201
5.276e-4, 25.014
5.24e-4, 25.014
5.204e-4, 25.014
5.169e-4, 25.015
5.169e-4, 24.827
5.134e-4, 24.829
5.099e-4, 24.644
5.065e-4, 24.644
5.031e-4, 24.644
4.997e-4, 24.645
4.963e-4, 24.461
4.929e-4, 24.462
4.896e-4, 24.28
4.863e-4, 24.099
4.83e-4, 24.099
4.797e-4, 24.1
4.764e-4, 24.1
4.732e-4, 24.1
4.7e-4, 23.921
4.668e-4, 23.742
4.637e-4, 23.567
4.605e-4, 23.567
4.574e-4, 23.567
4.543e-4, 23.567
4.543e-4, 23.392
4.512e-4, 23.218
4.482e-4, 23.218
4.451e-4, 23.218
4.421e-4, 23.219
4.391e-4, 23.219
4.391e-4, 23.046
4.362e-4, 22.874
4.332e-4, 22.704
4.303e-4, 22.705
4.274e-4, 22.705
4.245e-4, 22.705
4.216e-4, 22.705
4.187e-4, 22.706
4.159e-4, 22.706
4.159e-4, 22.537
4.131e-4, 22.537
4.103e-4, 22.369
4.075e-4, 22.203
4.048e-4, 22.203
4.02e-4, 22.204
3.993e-4, 22.038
3.966e-4, 21.874
3.939e-4, 21.875
3.912e-4, 21.875
3.886e-4, 21.875
3.86e-4, 21.875
3.833e-4, 21.876
3.807e-4, 21.876
3.782e-4, 21.876
3.756e-4, 21.876
3.731e-4, 21.877
3.731e-4, 21.714
3.705e-4, 21.552
3.68e-4, 21.392
3.655e-4, 21.392
3.631e-4, 21.392
3.606e-4, 21.393
3.582e-4, 21.234
3.557e-4, 21.076
3.533e-4, 20.919
3.533e-4, 20.763
3.509e-4, 20.763
3.486e-4, 20.609
3.462e-4, 20.609
3.438e-4, 20.609
3.415e-4, 20.609
3.392e-4, 20.456
3.369e-4, 20.457
3.369e-4, 20.304
3.346e-4, 20.153
3.346e-4, 20.003
3.324e-4, 20.003
3.301e-4, 19.855
3.279e-4, 19.706
3.257e-4, 19.706
3.234e-4, 19.706
3.213e-4, 19.561
3.191e-4, 19.415
3.169e-4, 19.415
3.169e-4, 19.271
3.148e-4, 19.128
3.126e-4, 18.984
3.105e-4, 18.984
3.084e-4, 18.986
3.063e-4, 18.986
3.043e-4, 18.845
3.022e-4, 18.705
3.001e-4, 18.565
3.001e-4, 18.427
2.981e-4, 18.427
2.961e-4, 18.29
2.941e-4, 18.154
2.941e-4, 18.019
2.921e-4, 17.885
2.901e-4, 17.885
2.882e-4, 17.752
2.862e-4, 17.62
2.843e-4, 17.488
2.843e-4, 17.359
2.823e-4, 17.359
2.804e-4, 17.23
2.785e-4, 17.23
2.766e-4, 17.23
2.748e-4, 17.231
2.729e-4, 17.231
2.711e-4, 17.231
2.692e-4, 17.231
2.692e-4, 17.103
2.674e-4, 16.976
2.656e-4, 16.849
2.638e-4, 16.85
2.638e-4, 16.724
2.62e-4, 16.6
2.602e-4, 16.476
2.585e-4, 16.354
2.567e-4, 16.232
2.55e-4, 16.232
2.55e-4, 16.111
2.532e-4, 15.992
2.515e-4, 15.873
2.498e-4, 15.873
2.498e-4, 15.755
2.498e-4, 15.637
2.498e-4, 15.521
2.498e-4, 15.405
2.481e-4, 15.291
2.464e-4, 15.177
2.448e-4, 15.177
2.448e-4, 15.064
2.431e-4, 14.952
2.431e-4, 14.841
2.431e-4, 14.73
2.431e-4, 14.62
2.431e-4, 14.511
2.431e-4, 14.403
2.431e-4, 14.296
2.415e-4, 14.296
2.398e-4, 14.19
2.382e-4, 14.084
2.382e-4, 13.98
2.382e-4, 13.875
2.382e-4, 13.772
2.382e-4, 13.669
2.382e-4, 13.568
2.382e-4, 13.467
2.382e-4, 13.366
2.382e-4, 13.267
2.382e-4, 13.168
2.382e-4, 13.07
2.382e-4, 12.972
2.398e-4, 12.876
2.398e-4, 12.78
2.398e-4, 12.685
2.414e-4, 12.589
2.414e-4, 12.496
2.414e-4, 12.403
2.431e-4, 12.403
2.447e-4, 12.311
2.464e-4, 12.219
2.464e-4, 12.128
2.464e-4, 12.037
2.464e-4, 11.948
2.481e-4, 11.948
2.498e-4, 11.859
2.498e-4, 11.77
2.515e-4, 11.682
2.532e-4, 11.682
2.549e-4, 11.595
2.549e-4, 11.509
2.549e-4, 11.423
2.549e-4, 11.338
2.549e-4, 11.254
2.566e-4, 11.253
2.584e-4, 11.169
2.584e-4, 11.086
2.601e-4, 11.004
2.619e-4, 11.003
2.637e-4, 10.921
2.637e-4, 10.839
2.655e-4, 10.759
2.673e-4, 10.759
2.691e-4, 10.679
2.691e-4, 10.599
2.71e-4, 10.599
2.728e-4, 10.52
2.728e-4, 10.442
2.747e-4, 10.363
2.765e-4, 10.363
2.784e-4, 10.286
2.784e-4, 10.21
2.803e-4, 10.21
2.803e-4, 10.134
2.822e-4, 10.134
2.841e-4, 10.133
2.861e-4, 10.058
2.861e-4, 9.983
2.861e-4, 9.909
2.861e-4, 9.835
2.861e-4, 9.762
2.88e-4, 9.689
2.9e-4, 9.616
2.9e-4, 9.545
2.9e-4, 9.474
2.9e-4, 9.403
2.92e-4, 9.403
2.939e-4, 9.333
2.939e-4, 9.263
2.939e-4, 9.194
2.939e-4, 9.126
2.939e-4, 9.058
2.959e-4, 8.99
2.98e-4, 8.99
3.0e-4, 8.923
3.0e-4, 8.857
3.0e-4, 8.791
3.0e-4, 8.725
3.0e-4, 8.66
3.02e-4, 8.596
3.041e-4, 8.532
3.062e-4, 8.468
3.082e-4, 8.405
3.103e-4, 8.405
3.103e-4, 8.342
3.103e-4, 8.28
3.103e-4, 8.218
3.124e-4, 8.157
3.146e-4, 8.157
3.167e-4, 8.096
3.167e-4, 8.036
3.189e-4, 8.036
3.21e-4, 7.976
3.21e-4, 7.916
3.232e-4, 7.857
3.254e-4, 7.857
3.276e-4, 7.799
3.276e-4, 7.741
3.299e-4, 7.683
3.321e-4, 7.683
3.344e-4, 7.683
3.344e-4, 7.625
3.344e-4, 7.569
3.367e-4, 7.569
3.39e-4, 7.512
3.413e-4, 7.512
3.436e-4, 7.456
3.459e-4, 7.4
3.459e-4, 7.345
3.483e-4, 7.345
3.483e-4, 7.29
3.483e-4, 7.236
3.507e-4, 7.236
3.53e-4, 7.236
3.555e-4, 7.182
3.554e-4, 7.129
3.579e-4, 7.075
3.603e-4, 7.075
3.628e-4, 7.023
3.652e-4, 6.97
3.652e-4, 6.918
3.677e-4, 6.918
3.677e-4, 6.867
3.677e-4, 6.815
3.702e-4, 6.815
3.727e-4, 6.765
3.727e-4, 6.714
3.753e-4, 6.714
3.778e-4, 6.664
3.778e-4, 6.613
3.804e-4, 6.565
3.83e-4, 6.565
3.856e-4, 6.565
3.856e-4, 6.516
3.856e-4, 6.468
3.882e-4, 6.467
3.909e-4, 6.467
3.935e-4, 6.467
3.962e-4, 6.467
3.989e-4, 6.419
4.016e-4, 6.419
4.044e-4, 6.371
4.044e-4, 6.324
4.071e-4, 6.276
4.099e-4, 6.276
4.099e-4, 6.23
4.127e-4, 6.183
4.155e-4, 6.183
4.183e-4, 6.137
4.183e-4, 6.091
4.212e-4, 6.046
4.212e-4, 6.001
4.24e-4, 5.956
4.269e-4, 5.912
4.269e-4, 5.867
4.298e-4, 5.867
4.328e-4, 5.867
4.328e-4, 5.823
4.357e-4, 5.823
4.387e-4, 5.823
4.387e-4, 5.78
4.387e-4, 5.737
4.387e-4, 5.694
4.387e-4, 5.652
4.387e-4, 5.609
4.387e-4, 5.568
4.387e-4, 5.527
4.387e-4, 5.486
4.387e-4, 5.445
4.387e-4, 5.404
4.387e-4, 5.363
4.387e-4, 5.324
4.387e-4, 5.284
4.387e-4, 5.245
4.387e-4, 5.206
4.387e-4, 5.167
4.386e-4, 5.129
4.386e-4, 5.09
4.386e-4, 5.052
4.386e-4, 5.015
4.386e-4, 4.976
4.357e-4, 4.94
4.327e-4, 4.904
4.327e-4, 4.867
4.327e-4, 4.831
4.327e-4, 4.795
4.298e-4, 4.795
4.269e-4, 4.795
4.24e-4, 4.795
4.211e-4, 4.759
4.183e-4, 4.724
4.183e-4, 4.689
4.183e-4, 4.654
4.182e-4, 4.619
4.154e-4, 4.585
4.154e-4, 4.551
4.126e-4, 4.551
4.098e-4, 4.517
4.07e-4, 4.483
4.043e-4, 4.45
4.015e-4, 4.417
3.988e-4, 4.417
3.988e-4, 4.384
3.961e-4, 4.351
3.934e-4, 4.351
3.934e-4, 4.319
3.908e-4, 4.319
3.881e-4, 4.287
3.881e-4, 4.255
3.855e-4, 4.223
3.829e-4, 4.192
3.803e-4, 4.161
3.777e-4, 4.161
3.751e-4, 4.161
3.726e-4, 4.161
3.701e-4, 4.13
3.676e-4, 4.099
3.651e-4, 4.099
3.651e-4, 4.069
3.626e-4, 4.039
3.602e-4, 4.009
3.577e-4, 4.009
3.553e-4, 4.009
3.529e-4, 4.009
3.529e-4, 3.979
3.505e-4, 3.979
3.481e-4, 3.948
3.458e-4, 3.948
3.434e-4, 3.948
3.411e-4, 3.948
3.388e-4, 3.92
3.365e-4, 3.92
3.365e-4, 3.891
3.342e-4, 3.862
3.342e-4, 3.833
3.32e-4, 3.833
3.297e-4, 3.805
3.275e-4, 3.776
3.275e-4, 3.748
3.253e-4, 3.72
3.231e-4, 3.721
3.209e-4, 3.721
3.187e-4, 3.721
3.165e-4, 3.721
3.165e-4, 3.693
3.144e-4, 3.665
3.123e-4, 3.638
3.101e-4, 3.638
3.101e-4, 3.611
3.08e-4, 3.584
3.06e-4, 3.558
3.039e-4, 3.531
3.018e-4, 3.505
2.998e-4, 3.505
2.998e-4, 3.479
2.977e-4, 3.453
2.957e-4, 3.427
2.937e-4, 3.427
2.917e-4, 3.427
2.898e-4, 3.427
2.878e-4, 3.402
2.859e-4, 3.377
2.839e-4, 3.351
2.839e-4, 3.327
2.82e-4, 3.327
2.801e-4, 3.302
2.782e-4, 3.277
2.782e-4, 3.253
2.763e-4, 3.229
2.744e-4, 3.229
2.726e-4, 3.205
2.707e-4, 3.181
2.689e-4, 3.157
2.671e-4, 3.157
2.653e-4, 3.157
2.635e-4, 3.157
2.635e-4, 3.134
2.617e-4, 3.11
2.599e-4, 3.111
2.581e-4, 3.087
2.581e-4, 3.064
2.564e-4, 3.042
2.547e-4, 3.042
2.547e-4, 3.019
2.529e-4, 3.019
2.512e-4, 2.996
2.495e-4, 2.974
2.495e-4, 2.952
2.478e-4, 2.93
2.461e-4, 2.93
2.445e-4, 2.908
2.445e-4, 2.887
2.428e-4, 2.865
2.412e-4, 2.865
2.412e-4, 2.843
2.395e-4, 2.843
2.379e-4, 2.823
2.379e-4, 2.802
2.379e-4, 2.781
2.379e-4, 2.76
2.379e-4, 2.74
2.363e-4, 2.74
2.363e-4, 2.718
2.347e-4, 2.698
2.331e-4, 2.679
2.315e-4, 2.679
2.3e-4, 2.659
2.3e-4, 2.639
2.3e-4, 2.62
2.3e-4, 2.6
2.3e-4, 2.581
2.284e-4, 2.581
2.269e-4, 2.562
2.253e-4, 2.543
2.253e-4, 2.524
2.253e-4, 2.505
2.253e-4, 2.486
2.238e-4, 2.468
2.223e-4, 2.449
2.208e-4, 2.431
2.208e-4, 2.413
2.208e-4, 2.395
2.208e-4, 2.377
2.193e-4, 2.377
2.178e-4, 2.359
2.178e-4, 2.342
2.178e-4, 2.325
2.178e-4, 2.307
2.178e-4, 2.29
2.178e-4, 2.273
2.178e-4, 2.256
2.178e-4, 2.238
2.178e-4, 2.223
2.178e-4, 2.206
2.178e-4, 2.19
2.178e-4, 2.173
2.178e-4, 2.157
2.163e-4, 2.157
2.148e-4, 2.141
2.134e-4, 2.125
2.134e-4, 2.109
2.134e-4, 2.094
2.134e-4, 2.078
2.134e-4, 2.063
2.134e-4, 2.047
2.134e-4, 2.032
2.134e-4, 2.017
2.134e-4, 2.002
2.134e-4, 1.987
2.134e-4, 1.972
2.134e-4, 1.956
2.148e-4, 1.943
2.148e-4, 1.928
2.148e-4, 1.914
2.163e-4, 1.9
2.163e-4, 1.886
2.163e-4, 1.871
2.163e-4, 1.858
2.163e-4, 1.843
2.177e-4, 1.83
2.192e-4, 1.815
2.207e-4, 1.803
2.207e-4, 1.789
2.207e-4, 1.776
2.207e-4, 1.763
2.207e-4, 1.75
2.207e-4, 1.737
2.222e-4, 1.724
2.237e-4, 1.71
2.237e-4, 1.698
2.237e-4, 1.685
2.237e-4, 1.673
2.253e-4, 1.66
2.268e-4, 1.66
2.283e-4, 1.648
2.283e-4, 1.636
2.283e-4, 1.624
2.283e-4, 1.611
2.283e-4, 1.599
2.299e-4, 1.587
2.314e-4, 1.576
2.33e-4, 1.564
2.346e-4, 1.552
2.362e-4, 1.541
2.362e-4, 1.529
2.362e-4, 1.518
2.362e-4, 1.506
2.378e-4, 1.506
2.394e-4, 1.495
2.411e-4, 1.484
2.411e-4, 1.472
2.427e-4, 1.472
2.444e-4, 1.462
2.46e-4, 1.451
2.46e-4, 1.44
2.46e-4, 1.43
2.46e-4, 1.419
2.477e-4, 1.419
2.494e-4, 1.408
2.494e-4, 1.398
2.511e-4, 1.387
2.528e-4, 1.387
2.545e-4, 1.377
2.545e-4, 1.367
2.562e-4, 1.357
2.58e-4, 1.346
2.597e-4, 1.336
2.597e-4, 1.326
2.597e-4, 1.317
2.597e-4, 1.307
2.615e-4, 1.307
2.633e-4, 1.297
2.633e-4, 1.287
2.651e-4, 1.278
2.669e-4, 1.278
2.687e-4, 1.268
2.687e-4, 1.259
2.705e-4, 1.259
2.724e-4, 1.249
2.724e-4, 1.24
2.742e-4, 1.231
2.761e-4, 1.231
2.78e-4, 1.222
2.78e-4, 1.213
2.799e-4, 1.213
2.818e-4, 1.213
2.837e-4, 1.212
2.856e-4, 1.212
2.876e-4, 1.203
2.895e-4, 1.203
2.915e-4, 1.194
2.915e-4, 1.186
2.935e-4, 1.177
2.955e-4, 1.177
2.955e-4, 1.168
2.975e-4, 1.159
2.995e-4, 1.159
3.016e-4, 1.151
3.016e-4, 1.142
3.036e-4, 1.133
3.057e-4, 1.133
3.078e-4, 1.125
3.078e-4, 1.117
3.099e-4, 1.108
3.12e-4, 1.108
3.12e-4, 1.1
3.12e-4, 1.092
3.141e-4, 1.092
3.162e-4, 1.092
3.162e-4, 1.084
3.162e-4, 1.076
3.184e-4, 1.068
3.206e-4, 1.06
3.227e-4, 1.052
3.249e-4, 1.052
3.272e-4, 1.044
3.272e-4, 1.036
3.294e-4, 1.028
3.316e-4, 1.028
3.339e-4, 1.028
3.339e-4, 1.021
3.339e-4, 1.013
3.362e-4, 1.013
3.385e-4, 1.013
3.408e-4, 1.013
3.431e-4, 1.013
3.454e-4, 1.005
3.478e-4, 1.005
3.478e-4, 0.998
3.501e-4, 0.991
3.525e-4, 0.983
3.549e-4, 0.983
3.549e-4, 0.976
3.573e-4, 0.968
3.598e-4, 0.96
3.622e-4, 0.96
3.647e-4, 0.954
3.672e-4, 0.954
3.697e-4, 0.947
3.722e-4, 0.94
3.747e-4, 0.94
3.773e-4, 0.94
3.799e-4, 0.94
3.825e-4, 0.94
3.824e-4, 0.933
3.851e-4, 0.926
3.877e-4, 0.926
3.877e-4, 0.919
3.903e-4, 0.912
3.93e-4, 0.912
3.957e-4, 0.905
3.983e-4, 0.899
4.011e-4, 0.892
4.038e-4, 0.885
4.065e-4, 0.885
4.093e-4, 0.885
4.121e-4, 0.879
4.149e-4, 0.871
4.177e-4, 0.871
4.177e-4, 0.866
4.206e-4, 0.859
4.234e-4, 0.853
4.263e-4, 0.853
4.292e-4, 0.846
4.322e-4, 0.846
4.351e-4, 0.839
4.381e-4, 0.834
4.41e-4, 0.834
4.441e-4, 0.834
4.471e-4, 0.834
4.501e-4, 0.834
4.501e-4, 0.827
4.532e-4, 0.821
4.563e-4, 0.821
4.563e-4, 0.815
4.594e-4, 0.809
4.625e-4, 0.809
4.657e-4, 0.803
4.688e-4, 0.797
4.72e-4, 0.791
4.752e-4, 0.785
4.785e-4, 0.785
4.817e-4, 0.785
4.85e-4, 0.779
4.883e-4, 0.774
4.917e-4, 0.774
4.916e-4, 0.768
4.95e-4, 0.762
4.984e-4, 0.756
5.018e-4, 0.756
5.052e-4, 0.751
5.086e-4, 0.751
5.121e-4, 0.751
5.156e-4, 0.751
5.191e-4, 0.751
5.226e-4, 0.745
5.262e-4, 0.745
5.262e-4, 0.74
5.298e-4, 0.74
5.334e-4, 0.74
5.37e-4, 0.74
5.407e-4, 0.734
5.444e-4, 0.729
5.481e-4, 0.729
5.481e-4, 0.722
5.518e-4, 0.718
5.556e-4, 0.712
5.593e-4, 0.712
5.632e-4, 0.706
5.67e-4, 0.706
5.709e-4, 0.702
5.747e-4, 0.702
5.787e-4, 0.696
5.826e-4, 0.69
5.866e-4, 0.686
5.906e-4, 0.681
5.946e-4, 0.681
5.986e-4, 0.681
6.027e-4, 0.676
6.068e-4, 0.671
6.109e-4, 0.666
6.151e-4, 0.661
6.193e-4, 0.656
6.235e-4, 0.656
6.278e-4, 0.656
6.32e-4, 0.656
6.32e-4, 0.651
6.363e-4, 0.646
6.407e-4, 0.646
6.45e-4, 0.641
6.494e-4, 0.637
6.539e-4, 0.632
6.583e-4, 0.632
6.628e-4, 0.627
6.673e-4, 0.627
6.719e-4, 0.621
6.764e-4, 0.617
6.811e-4, 0.617
6.857e-4, 0.617
6.904e-4, 0.617
6.951e-4, 0.613
6.998e-4, 0.609
7.046e-4, 0.609
7.046e-4, 0.604
7.094e-4, 0.6
7.142e-4, 0.595
7.191e-4, 0.595
7.24e-4, 0.591
7.289e-4, 0.591
7.339e-4, 0.591
7.389e-4, 0.591
7.439e-4, 0.591
7.49e-4, 0.585
7.541e-4, 0.585
7.541e-4, 0.581
7.592e-4, 0.581
7.644e-4, 0.581
7.696e-4, 0.581
7.748e-4, 0.577
7.801e-4, 0.577
7.801e-4, 0.573
7.854e-4, 0.573
7.908e-4, 0.569
7.962e-4, 0.569
8.016e-4, 0.569
8.07e-4, 0.565
8.125e-4, 0.56
8.181e-4, 0.556
8.236e-4, 0.552
8.293e-4, 0.548
8.349e-4, 0.548
8.406e-4, 0.548
8.463e-4, 0.548
8.521e-4, 0.544
8.579e-4, 0.54
8.637e-4, 0.536
8.696e-4, 0.536
8.755e-4, 0.536
8.815e-4, 0.532
8.875e-4, 0.528
8.936e-4, 0.528
8.996e-4, 0.524
9.058e-4, 0.524
9.119e-4, 0.52
9.182e-4, 0.52
9.244e-4, 0.516
9.307e-4, 0.512
9.37e-4, 0.508
9.434e-4, 0.505
9.499e-4, 0.505
9.563e-4, 0.505
9.628e-4, 0.501
9.694e-4, 0.501
9.76e-4, 0.496
9.827e-4, 0.496
9.893e-4, 0.492
9.961e-4, 0.492
1.003e-3, 0.49
1.01e-3, 0.486
1.017e-3, 0.482
1.024e-3, 0.479
1.03e-3, 0.475
1.037e-3, 0.475
1.045e-3, 0.475
1.052e-3, 0.475
1.059e-3, 0.475
1.066e-3, 0.475
1.073e-3, 0.472
1.081e-3, 0.472
1.088e-3, 0.468
1.095e-3, 0.468
1.103e-3, 0.465
1.11e-3, 0.465
1.118e-3, 0.465
1.126e-3, 0.465
1.133e-3, 0.465
1.141e-3, 0.465
1.149e-3, 0.465
1.157e-3, 0.461
1.164e-3, 0.461
1.172e-3, 0.458
1.18e-3, 0.454
1.188e-3, 0.451
1.197e-3, 0.448
1.205e-3, 0.448
1.213e-3, 0.448
1.221e-3, 0.444
1.229e-3, 0.441
1.238e-3, 0.441
1.246e-3, 0.438
1.255e-3, 0.438
1.263e-3, 0.434
1.272e-3, 0.431
1.281e-3, 0.431
1.289e-3, 0.431
1.298e-3, 0.431
1.307e-3, 0.431
1.316e-3, 0.428
1.325e-3, 0.425
1.334e-3, 0.421
1.343e-3, 0.421
1.352e-3, 0.421
1.361e-3, 0.418
1.371e-3, 0.415
1.38e-3, 0.412
1.389e-3, 0.409
1.399e-3, 0.406
1.408e-3, 0.406
1.418e-3, 0.406
1.428e-3, 0.406
1.437e-3, 0.403
1.447e-3, 0.4
1.457e-3, 0.397
1.467e-3, 0.397
1.477e-3, 0.397
1.487e-3, 0.394
1.497e-3, 0.394
1.507e-3, 0.391
1.517e-3, 0.391
1.528e-3, 0.388
1.538e-3, 0.388
1.538e-3, 0.385
1.549e-3, 0.385
1.559e-3, 0.382
1.57e-3, 0.382
1.581e-3, 0.382
1.591e-3, 0.382
1.591e-3, 0.38
1.602e-3, 0.377
1.613e-3, 0.377
1.624e-3, 0.374
1.635e-3, 0.371
1.646e-3, 0.367
1.657e-3, 0.367
1.669e-3, 0.366
1.68e-3, 0.366
1.692e-3, 0.366
1.703e-3, 0.366
1.715e-3, 0.366
1.726e-3, 0.366
1.738e-3, 0.366
1.75e-3, 0.363
1.762e-3, 0.363
1.762e-3, 0.359
1.774e-3, 0.359
1.786e-3, 0.359
1.798e-3, 0.359
1.81e-3, 0.359
1.823e-3, 0.357
1.835e-3, 0.355
1.848e-3, 0.351
1.86e-3, 0.351
1.873e-3, 0.351
1.886e-3, 0.349
1.899e-3, 0.347
1.911e-3, 0.347
1.925e-3, 0.343
1.938e-3, 0.343
1.951e-3, 0.342
1.964e-3, 0.339
1.977e-3, 0.339
1.991e-3, 0.339
2.005e-3, 0.339
2.018e-3, 0.339
2.018e-3, 0.337
2.032e-3, 0.334
2.046e-3, 0.334
2.046e-3, 0.332
2.06e-3, 0.329
2.074e-3, 0.329
2.088e-3, 0.327
2.102e-3, 0.327
2.116e-3, 0.324
2.131e-3, 0.324
2.145e-3, 0.322
2.16e-3, 0.319
2.175e-3, 0.319
2.189e-3, 0.319
2.204e-3, 0.319
2.219e-3, 0.317
2.235e-3, 0.315
2.25e-3, 0.315
2.265e-3, 0.312
2.281e-3, 0.312
2.296e-3, 0.31
2.312e-3, 0.308
2.327e-3, 0.308
2.343e-3, 0.308
2.359e-3, 0.308
2.375e-3, 0.308
2.392e-3, 0.305
2.408e-3, 0.303
2.424e-3, 0.301
2.441e-3, 0.301
2.457e-3, 0.301
2.474e-3, 0.299
2.491e-3, 0.296
2.508e-3, 0.296
2.525e-3, 0.294
2.542e-3, 0.294
2.56e-3, 0.294
2.577e-3, 0.294
2.595e-3, 0.294
2.612e-3, 0.292
2.63e-3, 0.292
2.63e-3, 0.29
2.648e-3, 0.29
2.666e-3, 0.29
2.684e-3, 0.29
2.702e-3, 0.288
2.721e-3, 0.288
2.721e-3, 0.285
2.739e-3, 0.285
2.758e-3, 0.283
2.777e-3, 0.283
2.796e-3, 0.283
2.815e-3, 0.283
2.834e-3, 0.283
2.853e-3, 0.281
2.873e-3, 0.281
2.892e-3, 0.279
2.912e-3, 0.279
2.932e-3, 0.277
2.952e-3, 0.277
2.972e-3, 0.275
2.992e-3, 0.273
3.013e-3, 0.273
3.033e-3, 0.273
3.054e-3, 0.273
3.075e-3, 0.271
3.095e-3, 0.269
3.117e-3, 0.267
3.138e-3, 0.267
3.159e-3, 0.267
3.181e-3, 0.265
3.202e-3, 0.265
3.224e-3, 0.263
3.246e-3, 0.263
3.268e-3, 0.261
3.291e-3, 0.261
3.313e-3, 0.259
3.336e-3, 0.257
3.358e-3, 0.257
3.381e-3, 0.257
3.404e-3, 0.257
3.427e-3, 0.255
3.451e-3, 0.253
3.474e-3, 0.251
3.498e-3, 0.251
3.522e-3, 0.251
3.546e-3, 0.249
3.57e-3, 0.249
3.594e-3, 0.248
3.619e-3, 0.246
3.643e-3, 0.246
3.668e-3, 0.246
3.693e-3, 0.244
3.718e-3, 0.242
3.744e-3, 0.242
3.769e-3, 0.242
3.795e-3, 0.242
3.821e-3, 0.24
3.847e-3, 0.238
3.873e-3, 0.237
3.899e-3, 0.237
3.926e-3, 0.237
3.953e-3, 0.234
3.98e-3, 0.234
4.007e-3, 0.233
4.034e-3, 0.233
4.061e-3, 0.231
4.089e-3, 0.231
4.117e-3, 0.23
4.145e-3, 0.228
4.173e-3, 0.228
4.202e-3, 0.228
4.23e-3, 0.228
4.259e-3, 0.226
4.288e-3, 0.225
4.317e-3, 0.223
4.347e-3, 0.223
4.376e-3, 0.223
4.406e-3, 0.223
4.436e-3, 0.223
4.466e-3, 0.223
4.497e-3, 0.221
4.527e-3, 0.22
4.558e-3, 0.22
4.589e-3, 0.218
4.621e-3, 0.218
4.652e-3, 0.216
4.684e-3, 0.215
4.716e-3, 0.215
4.748e-3, 0.215
4.78e-3, 0.215
4.813e-3, 0.215
4.846e-3, 0.213
4.879e-3, 0.211
4.912e-3, 0.21
4.945e-3, 0.21
4.979e-3, 0.21
5.013e-3, 0.208
5.047e-3, 0.207
5.081e-3, 0.207
5.116e-3, 0.205
5.151e-3, 0.205
5.186e-3, 0.204
5.221e-3, 0.202
5.257e-3, 0.202
5.293e-3, 0.202
5.329e-3, 0.202
5.365e-3, 0.202
5.402e-3, 0.201
5.438e-3, 0.199
5.475e-3, 0.198
5.513e-3, 0.198
5.55e-3, 0.198
5.588e-3, 0.196
5.626e-3, 0.195
5.665e-3, 0.195
5.703e-3, 0.193
5.742e-3, 0.193
5.781e-3, 0.192
5.82e-3, 0.19
5.86e-3, 0.19
5.9e-3, 0.19
5.94e-3, 0.19
5.981e-3, 0.19
6.021e-3, 0.189
6.062e-3, 0.188
6.104e-3, 0.186
6.145e-3, 0.186
6.187e-3, 0.186
6.229e-3, 0.186
6.272e-3, 0.186
6.315e-3, 0.186
6.358e-3, 0.185
6.401e-3, 0.183
6.445e-3, 0.183
6.488e-3, 0.182
6.533e-3, 0.182
6.577e-3, 0.181
6.622e-3, 0.179
6.667e-3, 0.179
6.712e-3, 0.179
6.758e-3, 0.179
6.804e-3, 0.178
6.851e-3, 0.178
6.851e-3, 0.177
6.897e-3, 0.177
6.944e-3, 0.175
6.992e-3, 0.175
7.039e-3, 0.175
7.087e-3, 0.175
7.136e-3, 0.175
7.184e-3, 0.175
7.233e-3, 0.175
7.282e-3, 0.175
7.332e-3, 0.174
7.382e-3, 0.173
7.432e-3, 0.173
7.483e-3, 0.171
7.534e-3, 0.171
7.585e-3, 0.17
7.637e-3, 0.169
7.689e-3, 0.169
7.741e-3, 0.169
7.794e-3, 0.169
7.847e-3, 0.169
7.901e-3, 0.168
7.954e-3, 0.166
8.009e-3, 0.165
8.063e-3, 0.165
8.118e-3, 0.165
8.173e-3, 0.164
8.229e-3, 0.163
8.285e-3, 0.163
8.342e-3, 0.161
8.398e-3, 0.161
8.456e-3, 0.16
8.513e-3, 0.159
8.571e-3, 0.159
8.63e-3, 0.159
8.688e-3, 0.159
8.748e-3, 0.159
8.807e-3, 0.158
8.867e-3, 0.157
8.928e-3, 0.155
8.988e-3, 0.155
9.05e-3, 0.155
9.111e-3, 0.154
9.173e-3, 0.153
9.236e-3, 0.153
9.299e-3, 0.152
9.362e-3, 0.152
9.426e-3, 0.151
9.49e-3, 0.15
9.555e-3, 0.15
9.62e-3, 0.15
9.685e-3, 0.15
9.751e-3, 0.15
9.818e-3, 0.149
9.885e-3, 0.148
9.952e-3, 0.146
1.002e-2, 0.146
1.009e-2, 0.146
1.016e-2, 0.145
1.023e-2, 0.144
1.03e-2, 0.144
1.037e-2, 0.143
1.044e-2, 0.143
1.051e-2, 0.142
1.058e-2, 0.141
1.065e-2, 0.141
1.072e-2, 0.141
1.08e-2, 0.141
1.087e-2, 0.141
1.094e-2, 0.14
1.102e-2, 0.139
1.109e-2, 0.138
1.117e-2, 0.138
1.125e-2, 0.138
1.132e-2, 0.138
1.14e-2, 0.138
1.148e-2, 0.137
1.156e-2, 0.137
1.163e-2, 0.136
1.171e-2, 0.136
1.179e-2, 0.135
1.187e-2, 0.135
1.195e-2, 0.134
1.204e-2, 0.133
1.212e-2, 0.133
1.22e-2, 0.133
1.228e-2, 0.133
1.237e-2, 0.132
1.245e-2, 0.131
1.254e-2, 0.13
1.262e-2, 0.13
1.271e-2, 0.13
1.279e-2, 0.129
1.288e-2, 0.129
1.297e-2, 0.128
1.306e-2, 0.128
1.315e-2, 0.127
1.324e-2, 0.127
1.333e-2, 0.126
1.342e-2, 0.125
1.351e-2, 0.125
1.36e-2, 0.125
1.369e-2, 0.125
1.379e-2, 0.124
1.388e-2, 0.123
1.397e-2, 0.121
1.407e-2, 0.121
1.417e-2, 0.121
1.426e-2, 0.121
1.436e-2, 0.121
1.446e-2, 0.12
1.456e-2, 0.12
1.466e-2, 0.12
1.475e-2, 0.12
1.486e-2, 0.119
1.496e-2, 0.117
1.506e-2, 0.117
1.516e-2, 0.117
1.526e-2, 0.117
1.537e-2, 0.117
1.547e-2, 0.117
1.558e-2, 0.117
1.568e-2, 0.117
1.579e-2, 0.116
1.59e-2, 0.115
1.601e-2, 0.115
1.612e-2, 0.115
1.623e-2, 0.114
1.634e-2, 0.113
1.645e-2, 0.113
1.656e-2, 0.113
1.667e-2, 0.113
1.679e-2, 0.112
1.69e-2, 0.111
1.702e-2, 0.111
1.713e-2, 0.111
1.725e-2, 0.111
1.737e-2, 0.111
1.748e-2, 0.11
1.76e-2, 0.109
1.772e-2, 0.108
1.784e-2, 0.108
1.797e-2, 0.108
1.809e-2, 0.108
1.821e-2, 0.108
1.834e-2, 0.108
1.846e-2, 0.108
1.859e-2, 0.108
1.871e-2, 0.108
1.884e-2, 0.108
1.897e-2, 0.107
1.91e-2, 0.107
1.923e-2, 0.106
1.936e-2, 0.106
1.949e-2, 0.105
1.962e-2, 0.104
1.976e-2, 0.104
1.989e-2, 0.104
2.003e-2, 0.104
2.016e-2, 0.104
2.03e-2, 0.103
2.044e-2, 0.102
2.058e-2, 0.102
2.072e-2, 0.102
2.086e-2, 0.101
2.1e-2, 0.101
2.115e-2, 0.101
2.129e-2, 0.101
2.143e-2, 9.988e-2
2.158e-2, 9.988e-2
2.173e-2, 9.913e-2
2.188e-2, 9.839e-2
2.202e-2, 9.839e-2
2.218e-2, 9.839e-2
2.233e-2, 9.839e-2
2.248e-2, 9.765e-2
2.263e-2, 9.693e-2
2.279e-2, 9.62e-2
2.294e-2, 9.62e-2
2.31e-2, 9.62e-2
2.325e-2, 9.548e-2
2.341e-2, 9.548e-2
2.357e-2, 9.477e-2
2.373e-2, 9.477e-2
2.389e-2, 9.406e-2
2.406e-2, 9.406e-2
2.422e-2, 9.336e-2
2.439e-2, 9.266e-2
2.455e-2, 9.266e-2
2.472e-2, 9.266e-2
2.489e-2, 9.266e-2
2.506e-2, 9.197e-2
2.523e-2, 9.128e-2
2.54e-2, 9.06e-2
2.557e-2, 9.06e-2
2.575e-2, 9.06e-2
2.592e-2, 8.992e-2
2.61e-2, 8.992e-2
2.628e-2, 8.925e-2
2.646e-2, 8.925e-2
2.664e-2, 8.859e-2
2.682e-2, 8.858e-2
2.7e-2, 8.792e-2
2.718e-2, 8.727e-2
2.737e-2, 8.727e-2
2.756e-2, 8.727e-2
2.774e-2, 8.726e-2
2.793e-2, 8.661e-2
2.812e-2, 8.597e-2
2.831e-2, 8.533e-2
2.851e-2, 8.533e-2
2.87e-2, 8.532e-2
2.89e-2, 8.532e-2
2.909e-2, 8.532e-2
2.929e-2, 8.532e-2
2.949e-2, 8.532e-2
2.969e-2, 8.532e-2
2.99e-2, 8.532e-2
3.01e-2, 8.468e-2
3.03e-2, 8.405e-2
3.051e-2, 8.405e-2
3.072e-2, 8.342e-2
3.093e-2, 8.342e-2
3.114e-2, 8.28e-2
3.135e-2, 8.218e-2
3.156e-2, 8.218e-2
3.178e-2, 8.218e-2
3.2e-2, 8.218e-2
3.221e-2, 8.157e-2
3.243e-2, 8.157e-2
3.243e-2, 8.096e-2
3.265e-2, 8.096e-2
3.288e-2, 8.035e-2
3.31e-2, 8.035e-2
3.333e-2, 8.035e-2
3.355e-2, 7.975e-2
3.378e-2, 7.916e-2
3.401e-2, 7.916e-2
3.424e-2, 7.857e-2
3.448e-2, 7.857e-2
3.471e-2, 7.798e-2
3.495e-2, 7.74e-2
3.519e-2, 7.74e-2
3.543e-2, 7.74e-2
3.567e-2, 7.74e-2
3.591e-2, 7.682e-2
3.616e-2, 7.682e-2
3.616e-2, 7.624e-2
3.64e-2, 7.624e-2
3.665e-2, 7.568e-2
3.69e-2, 7.567e-2
3.715e-2, 7.567e-2
3.74e-2, 7.567e-2
3.766e-2, 7.567e-2
3.792e-2, 7.511e-2
3.817e-2, 7.511e-2
3.843e-2, 7.455e-2
3.87e-2, 7.455e-2
3.896e-2, 7.399e-2
3.922e-2, 7.399e-2
3.949e-2, 7.344e-2
3.976e-2, 7.289e-2
4.003e-2, 7.289e-2
4.03e-2, 7.289e-2
4.058e-2, 7.289e-2
4.086e-2, 7.234e-2
4.113e-2, 7.18e-2
4.141e-2, 7.127e-2
4.17e-2, 7.127e-2
4.198e-2, 7.127e-2
4.227e-2, 7.073e-2
4.255e-2, 7.073e-2
4.284e-2, 7.021e-2
4.314e-2, 7.021e-2
4.343e-2, 6.968e-2
4.373e-2, 6.968e-2
4.402e-2, 6.916e-2
4.432e-2, 6.865e-2
4.463e-2, 6.864e-2
4.493e-2, 6.864e-2
4.524e-2, 6.864e-2
4.554e-2, 6.813e-2
4.585e-2, 6.762e-2
4.617e-2, 6.712e-2
4.648e-2, 6.712e-2
4.68e-2, 6.712e-2
4.712e-2, 6.712e-2
4.744e-2, 6.712e-2
4.776e-2, 6.712e-2
4.809e-2, 6.711e-2
4.841e-2, 6.711e-2
4.874e-2, 6.711e-2
4.908e-2, 6.661e-2
4.941e-2, 6.612e-2
4.975e-2, 6.611e-2
5.009e-2, 6.562e-2
5.043e-2, 6.562e-2
5.077e-2, 6.513e-2
5.112e-2, 6.465e-2
5.147e-2, 6.464e-2
5.182e-2, 6.464e-2
5.217e-2, 6.464e-2
5.252e-2, 6.416e-2
5.288e-2, 6.416e-2
5.288e-2, 6.368e-2
5.324e-2, 6.368e-2
5.36e-2, 6.321e-2
5.397e-2, 6.321e-2
5.434e-2, 6.321e-2
5.471e-2, 6.273e-2
5.508e-2, 6.227e-2
5.546e-2, 6.227e-2
5.583e-2, 6.18e-2
5.621e-2, 6.18e-2
5.66e-2, 6.134e-2
5.698e-2, 6.088e-2
5.737e-2, 6.088e-2
5.776e-2, 6.088e-2
5.816e-2, 6.088e-2
5.855e-2, 6.043e-2
5.895e-2, 6.043e-2
5.895e-2, 5.997e-2
5.935e-2, 5.997e-2
5.976e-2, 5.953e-2
6.016e-2, 5.953e-2
6.057e-2, 5.953e-2
6.099e-2, 5.908e-2
6.14e-2, 5.864e-2
6.182e-2, 5.864e-2
6.224e-2, 5.82e-2
6.266e-2, 5.82e-2
6.309e-2, 5.777e-2
6.352e-2, 5.734e-2
6.395e-2, 5.734e-2
6.439e-2, 5.734e-2
6.483e-2, 5.734e-2
6.527e-2, 5.691e-2
6.572e-2, 5.691e-2
6.571e-2, 5.648e-2
6.616e-2, 5.648e-2
6.661e-2, 5.606e-2
6.707e-2, 5.606e-2
6.752e-2, 5.606e-2
6.798e-2, 5.564e-2
6.845e-2, 5.523e-2
6.891e-2, 5.523e-2
6.938e-2, 5.481e-2
6.986e-2, 5.481e-2
7.033e-2, 5.44e-2
7.081e-2, 5.4e-2
7.129e-2, 5.4e-2
7.178e-2, 5.4e-2
7.227e-2, 5.4e-2
7.276e-2, 5.359e-2
7.326e-2, 5.359e-2
7.326e-2, 5.319e-2
7.376e-2, 5.319e-2
7.426e-2, 5.28e-2
7.476e-2, 5.28e-2
7.527e-2, 5.28e-2
7.579e-2, 5.28e-2
7.63e-2, 5.28e-2
7.682e-2, 5.279e-2
7.735e-2, 5.279e-2
7.787e-2, 5.279e-2
7.84e-2, 5.24e-2
7.894e-2, 5.201e-2
7.948e-2, 5.201e-2
8.002e-2, 5.162e-2
8.056e-2, 5.162e-2
8.111e-2, 5.123e-2
8.166e-2, 5.085e-2
8.222e-2, 5.085e-2
8.278e-2, 5.085e-2
8.334e-2, 5.085e-2
8.391e-2, 5.085e-2
8.448e-2, 5.047e-2
8.506e-2, 5.009e-2
8.564e-2, 4.972e-2
8.622e-2, 4.972e-2
8.681e-2, 4.972e-2
8.74e-2, 4.935e-2
8.8e-2, 4.898e-2
8.86e-2, 4.898e-2
8.92e-2, 4.861e-2
8.981e-2, 4.861e-2
9.042e-2, 4.861e-2
9.104e-2, 4.861e-2
9.166e-2, 4.861e-2
9.228e-2, 4.825e-2
9.291e-2, 4.825e-2
9.291e-2, 4.789e-2
9.354e-2, 4.789e-2
9.418e-2, 4.789e-2
9.482e-2, 4.789e-2
9.547e-2, 4.753e-2
9.612e-2, 4.753e-2
9.612e-2, 4.718e-2
9.677e-2, 4.718e-2
9.743e-2, 4.682e-2
9.809e-2, 4.682e-2
9.876e-2, 4.682e-2
9.944e-2, 4.647e-2
0.1, 4.613e-2
0.101, 4.613e-2
0.101, 4.578e-2
0.102, 4.578e-2
0.103, 4.544e-2
0.104, 4.51e-2
0.104, 4.51e-2
0.105, 4.51e-2
0.106, 4.51e-2
0.106, 4.476e-2
0.107, 4.476e-2
0.107, 4.443e-2
0.108, 4.443e-2
0.109, 4.41e-2
0.109, 4.41e-2
0.11, 4.41e-2
0.111, 4.377e-2
0.112, 4.344e-2
0.112, 4.344e-2
0.113, 4.312e-2
0.114, 4.312e-2
0.115, 4.28e-2
0.115, 4.248e-2
0.116, 4.248e-2
0.117, 4.248e-2
0.117, 4.247e-2
0.119, 4.216e-2
0.119, 4.216e-2
0.119, 4.184e-2
0.12, 4.184e-2
0.121, 4.153e-2
0.121, 4.153e-2
0.123, 4.153e-2
0.124, 4.153e-2
0.124, 4.153e-2
0.125, 4.153e-2
0.126, 4.153e-2
0.127, 4.153e-2
0.128, 4.122e-2
0.129, 4.091e-2
0.13, 4.091e-2
0.13, 4.06e-2
0.131, 4.06e-2
0.132, 4.03e-2
0.133, 4.0e-2
0.134, 4.0e-2
0.135, 4.0e-2
0.136, 4.0e-2
0.137, 4.0e-2
0.138, 3.97e-2
0.139, 3.94e-2
0.14, 3.911e-2
0.141, 3.911e-2
0.142, 3.911e-2
0.143, 3.882e-2
0.143, 3.853e-2
0.144, 3.853e-2
0.145, 3.824e-2
0.146, 3.824e-2
0.147, 3.796e-2
0.148, 3.767e-2
0.149, 3.767e-2
0.15, 3.767e-2
0.151, 3.767e-2
0.153, 3.767e-2
0.154, 3.739e-2
0.155, 3.711e-2
0.156, 3.683e-2
0.157, 3.683e-2
0.158, 3.683e-2
0.159, 3.656e-2
0.16, 3.629e-2
0.161, 3.629e-2
0.162, 3.601e-2
0.163, 3.601e-2
0.164, 3.575e-2
0.165, 3.548e-2
0.167, 3.548e-2
0.168, 3.548e-2
0.169, 3.548e-2
0.17, 3.548e-2
0.171, 3.521e-2
0.172, 3.495e-2
0.174, 3.469e-2
0.175, 3.469e-2
0.176, 3.469e-2
0.177, 3.443e-2
0.178, 3.417e-2
0.18, 3.417e-2
0.181, 3.392e-2
0.182, 3.392e-2
0.183, 3.366e-2
0.184, 3.341e-2
0.186, 3.341e-2
0.187, 3.341e-2
0.188, 3.341e-2
0.19, 3.341e-2
0.191, 3.316e-2
0.192, 3.292e-2
0.193, 3.267e-2
0.195, 3.267e-2
0.196, 3.267e-2
0.197, 3.267e-2
0.199, 3.267e-2
0.2, 3.267e-2
0.201, 3.267e-2
0.203, 3.267e-2
0.204, 3.242e-2
0.206, 3.242e-2
0.207, 3.218e-2
0.208, 3.218e-2
0.21, 3.194e-2
0.211, 3.194e-2
0.213, 3.17e-2
0.214, 3.147e-2
0.216, 3.147e-2
0.217, 3.147e-2
0.219, 3.146e-2
0.22, 3.146e-2
0.222, 3.146e-2
0.223, 3.123e-2
0.225, 3.123e-2
0.225, 3.1e-2
0.226, 3.1e-2
0.228, 3.076e-2
0.229, 3.076e-2
0.231, 3.076e-2
0.232, 3.053e-2
0.234, 3.031e-2
0.236, 3.031e-2
0.237, 3.008e-2
0.238, 3.008e-2
0.24, 2.986e-2
0.242, 2.963e-2
0.244, 2.963e-2
0.245, 2.963e-2
0.246, 2.963e-2
0.249, 2.941e-2
0.25, 2.941e-2
0.25, 2.919e-2
0.252, 2.919e-2
0.254, 2.897e-2
0.256, 2.897e-2
0.257, 2.897e-2
0.259, 2.876e-2
0.261, 2.854e-2
0.263, 2.854e-2
0.264, 2.833e-2
0.266, 2.833e-2
0.268, 2.812e-2
0.27, 2.791e-2
0.272, 2.791e-2
0.273, 2.791e-2
0.275, 2.791e-2
0.277, 2.77e-2
0.279, 2.77e-2
0.279, 2.749e-2
0.281, 2.749e-2
0.283, 2.729e-2
0.285, 2.729e-2
0.287, 2.729e-2
0.289, 2.708e-2
0.291, 2.688e-2
0.293, 2.688e-2
0.295, 2.668e-2
0.297, 2.668e-2
0.299, 2.648e-2
0.301, 2.628e-2
0.303, 2.628e-2
0.305, 2.628e-2
0.307, 2.628e-2
0.309, 2.609e-2
0.311, 2.609e-2
0.311, 2.589e-2
0.313, 2.589e-2
0.315, 2.57e-2
0.318, 2.57e-2
0.32, 2.57e-2
0.322, 2.57e-2
0.324, 2.57e-2
0.326, 2.57e-2
0.328, 2.57e-2
0.331, 2.57e-2
0.333, 2.55e-2
0.335, 2.531e-2
0.338, 2.531e-2
0.34, 2.513e-2
0.342, 2.513e-2
0.343, 2.494e-2
0.347, 2.475e-2
0.349, 2.475e-2
0.351, 2.475e-2
0.354, 2.475e-2
0.355, 2.475e-2
0.359, 2.457e-2
0.361, 2.438e-2
0.363, 2.42e-2
0.366, 2.42e-2
0.369, 2.42e-2
0.371, 2.402e-2
0.374, 2.384e-2
0.376, 2.384e-2
0.379, 2.366e-2
0.381, 2.366e-2
0.384, 2.349e-2
0.387, 2.331e-2
0.389, 2.331e-2
0.392, 2.331e-2
0.395, 2.331e-2
0.397, 2.331e-2
0.4, 2.314e-2
0.403, 2.296e-2
0.405, 2.279e-2
0.408, 2.279e-2
0.411, 2.279e-2
0.414, 2.262e-2
0.417, 2.245e-2
0.419, 2.245e-2
0.422, 2.228e-2
0.425, 2.228e-2
0.428, 2.212e-2
0.431, 2.195e-2
0.434, 2.195e-2
0.437, 2.195e-2
0.44, 2.195e-2
0.443, 2.195e-2
0.446, 2.179e-2
0.449, 2.163e-2
0.452, 2.146e-2
0.455, 2.146e-2
0.458, 2.146e-2
0.461, 2.13e-2
0.464, 2.115e-2
0.468, 2.115e-2
0.471, 2.099e-2
0.474, 2.099e-2
0.476, 2.083e-2
0.48, 2.068e-2
0.484, 2.068e-2
0.487, 2.067e-2
0.49, 2.067e-2
0.494, 2.067e-2
0.496, 2.052e-2
0.5, 2.037e-2
0.504, 2.022e-2
0.507, 2.021e-2
0.511, 2.021e-2
0.514, 2.021e-2
0.518, 2.021e-2
0.521, 2.021e-2
0.525, 2.021e-2
0.528, 2.021e-2
0.532, 2.006e-2
0.536, 2.006e-2
0.539, 1.991e-2
0.543, 1.991e-2
0.547, 1.976e-2
0.55, 1.976e-2
0.554, 1.976e-2
0.558, 1.976e-2
0.562, 1.962e-2
0.565, 1.962e-2
0.565, 1.947e-2
0.569, 1.947e-2
0.573, 1.947e-2
0.577, 1.947e-2
0.581, 1.947e-2
0.585, 1.932e-2
0.589, 1.918e-2
0.593, 1.904e-2
0.597, 1.904e-2
0.601, 1.904e-2
0.605, 1.889e-2
0.609, 1.875e-2
0.613, 1.875e-2
0.617, 1.861e-2
0.621, 1.861e-2
0.626, 1.847e-2
0.63, 1.834e-2
0.635, 1.834e-2
0.639, 1.834e-2
0.643, 1.834e-2
0.648, 1.834e-2
0.652, 1.82e-2
0.657, 1.806e-2
0.661, 1.793e-2
0.666, 1.793e-2
0.67, 1.793e-2
0.675, 1.779e-2
0.679, 1.766e-2
0.684, 1.766e-2
0.689, 1.753e-2
0.693, 1.753e-2
0.698, 1.74e-2
0.702, 1.727e-2
0.708, 1.727e-2
0.712, 1.727e-2
0.717, 1.727e-2
0.722, 1.727e-2
0.726, 1.714e-2
0.732, 1.701e-2
0.737, 1.688e-2
0.742, 1.688e-2
0.746, 1.688e-2
0.752, 1.676e-2
0.757, 1.663e-2
0.762, 1.663e-2
0.768, 1.651e-2
0.773, 1.651e-2
0.778, 1.639e-2
0.783, 1.626e-2
0.789, 1.626e-2
0.794, 1.626e-2
0.799, 1.626e-2
0.805, 1.626e-2
0.81, 1.614e-2
0.815, 1.602e-2
0.821, 1.59e-2
0.827, 1.59e-2
0.833, 1.59e-2
0.838, 1.59e-2
0.843, 1.59e-2
0.85, 1.59e-2
0.855, 1.59e-2
0.861, 1.59e-2
0.867, 1.578e-2
0.873, 1.578e-2
0.879, 1.566e-2
0.885, 1.566e-2
0.891, 1.555e-2
0.897, 1.555e-2
0.903, 1.543e-2
0.91, 1.532e-2
0.916, 1.532e-2
0.922, 1.532e-2
0.928, 1.532e-2
0.935, 1.52e-2
0.94, 1.509e-2
0.947, 1.497e-2
0.954, 1.497e-2
0.96, 1.497e-2
0.96, 1.486e-2
0.967, 1.486e-2
0.972, 1.486e-2
0.98, 1.475e-2
0.987, 1.475e-2
0.994, 1.475e-2
1.0, 1.464e-2
